900000000
900000001
900000002
900000003
900000004
900000005
900000006
900000007
900000008
900000009
900000010
900000011
900000012
900000013
900000014
900000015
900000016
900000017
900000018
900000019
900000020
900000021
900000022
900000023
900000024
900000025
900000026
900000027
900000028
900000029
900000030
900000031
900000032
900000033
900000034
900000035
900000036
900000037
900000038
900000039
900000040
900000041
900000042
900000043
900000044
900000045
900000046
900000047
900000048
900000049
900000050
900000051
900000052
900000053
900000054
900000055
900000056
900000057
900000058
900000059
900000060
900000061
900000062
900000063
900000064
900000065
900000066
900000067
900000068
900000069
900000070
900000071
900000072
900000073
900000074
900000075
900000076
900000077
900000078
900000079
900000080
900000081
900000082
900000083
900000084
900000085
900000086
900000087
900000088
900000089
900000090
900000091
900000092
900000093
900000094
900000095
900000096
900000097
900000098
900000099
900000100
900000101
900000102
900000103
900000104
900000105
900000106
900000107
900000108
900000109
900000110
900000111
900000112
900000113
900000114
900000115
900000116
900000117
900000118
900000119
900000120
900000121
900000122
900000123
900000124
900000125
900000126
900000127
900000128
900000129
900000130
900000131
900000132
900000133
900000134
900000135
900000136
900000137
900000138
900000139
900000140
900000141
900000142
900000143
900000144
900000145
900000146
900000147
900000148
900000149
900000150
900000151
900000152
900000153
900000154
900000155
900000156
900000157
900000158
900000159
900000160
900000161
900000162
900000163
900000164
900000165
900000166
900000167
900000168
900000169
900000170
900000171
900000172
900000173
900000174
900000175
900000176
900000177
900000178
900000179
900000180
900000181
900000182
900000183
900000184
900000185
900000186
900000187
900000188
900000189
900000190
900000191
900000192
900000193
900000194
900000195
900000196
900000197
900000198
900000199
900000200
900000201
900000202
900000203
900000204
900000205
900000206
900000207
900000208
900000209
900000210
900000211
900000212
900000213
900000214
900000215
900000216
900000217
900000218
900000219
900000220
900000221
900000222
900000223
900000224
900000225
900000226
900000227
900000228
900000229
900000230
900000231
900000232
900000233
900000234
900000235
900000236
900000237
900000238
900000239
900000240
900000241
900000242
900000243
900000244
900000245
900000246
900000247
900000248
900000249
900000250
900000251
900000252
900000253
900000254
900000255
900000256
900000257
900000258
900000259
900000260
900000261
900000262
900000263
900000264
900000265
900000266
900000267
900000268
900000269
900000270
900000271
900000272
900000273
900000274
900000275
900000276
900000277
900000278
900000279
900000280
900000281
900000282
900000283
900000284
900000285
900000286
900000287
900000288
900000289
900000290
900000291
900000292
900000293
900000294
900000295
900000296
900000297
900000298
900000299
900000300
900000301
900000302
900000303
900000304
900000305
900000306
900000307
900000308
900000309
900000310
900000311
900000312
900000313
900000314
900000315
900000316
900000317
900000318
900000319
900000320
900000321
900000322
900000323
900000324
900000325
900000326
900000327
900000328
900000329
900000330
900000331
900000332
900000333
900000334
900000335
900000336
900000337
900000338
900000339
900000340
900000341
900000342
900000343
900000344
900000345
900000346
900000347
900000348
900000349
900000350
900000351
900000352
900000353
900000354
900000355
900000356
900000357
900000358
900000359
900000360
900000361
900000362
900000363
900000364
900000365
900000366
900000367
900000368
900000369
900000370
900000371
900000372
900000373
900000374
900000375
900000376
900000377
900000378
900000379
900000380
900000381
900000382
900000383
900000384
900000385
900000386
900000387
900000388
900000389
900000390
900000391
900000392
900000393
900000394
900000395
900000396
900000397
900000398
900000399
900000400
900000401
900000402
900000403
900000404
900000405
900000406
900000407
900000408
900000409
900000410
900000411
900000412
900000413
900000414
900000415
900000416
900000417
900000418
900000419
900000420
900000421
900000422
900000423
900000424
900000425
900000426
900000427
900000428
900000429
900000430
900000431
900000432
900000433
900000434
900000435
900000436
900000437
900000438
900000439
900000440
900000441
900000442
900000443
900000444
900000445
900000446
900000447
900000448
900000449
900000450
900000451
900000452
900000453
900000454
900000455
900000456
900000457
900000458
900000459
900000460
900000461
900000462
900000463
900000464
900000465
900000466
900000467
900000468
900000469
900000470
900000471
900000472
900000473
900000474
900000475
900000476
900000477
900000478
900000479
900000480
900000481
900000482
900000483
900000484
900000485
900000486
900000487
900000488
900000489
900000490
900000491
900000492
900000493
900000494
900000495
900000496
900000497
900000498
900000499
900000500
900000501
900000502
900000503
900000504
900000505
900000506
900000507
900000508
900000509
900000510
900000511
900000512
900000513
900000514
900000515
900000516
900000517
900000518
900000519
900000520
900000521
900000522
900000523
900000524
900000525
900000526
900000527
900000528
900000529
900000530
900000531
900000532
900000533
900000534
900000535
900000536
900000537
900000538
900000539
900000540
900000541
900000542
900000543
900000544
900000545
900000546
900000547
900000548
900000549
900000550
900000551
900000552
900000553
900000554
900000555
900000556
900000557
900000558
900000559
900000560
900000561
900000562
900000563
900000564
900000565
900000566
900000567
900000568
900000569
900000570
900000571
900000572
900000573
900000574
900000575
900000576
900000577
900000578
900000579
900000580
900000581
900000582
900000583
900000584
900000585
900000586
900000587
900000588
900000589
900000590
900000591
900000592
900000593
900000594
900000595
900000596
900000597
900000598
900000599
900000600
900000601
900000602
900000603
900000604
900000605
900000606
900000607
900000608
900000609
900000610
900000611
900000612
900000613
900000614
900000615
900000616
900000617
900000618
900000619
900000620
900000621
900000622
900000623
900000624
900000625
900000626
900000627
900000628
900000629
900000630
900000631
900000632
900000633
900000634
900000635
900000636
900000637
900000638
900000639
900000640
900000641
900000642
900000643
900000644
900000645
900000646
900000647
900000648
900000649
900000650
900000651
900000652
900000653
900000654
900000655
900000656
900000657
900000658
900000659
900000660
900000661
900000662
900000663
900000664
900000665
900000666
900000667
900000668
900000669
900000670
900000671
900000672
900000673
900000674
900000675
900000676
900000677
900000678
900000679
900000680
900000681
900000682
900000683
900000684
900000685
900000686
900000687
900000688
900000689
900000690
900000691
900000692
900000693
900000694
900000695
900000696
900000697
900000698
900000699
900000700
900000701
900000702
900000703
900000704
900000705
900000706
900000707
900000708
900000709
900000710
900000711
900000712
900000713
900000714
900000715
900000716
900000717
900000718
900000719
900000720
900000721
900000722
900000723
900000724
900000725
900000726
900000727
900000728
900000729
900000730
900000731
900000732
900000733
900000734
900000735
900000736
900000737
900000738
900000739
900000740
900000741
900000742
900000743
900000744
900000745
900000746
900000747
900000748
900000749
900000750
900000751
900000752
900000753
900000754
900000755
900000756
900000757
900000758
900000759
900000760
900000761
900000762
900000763
900000764
900000765
900000766
900000767
900000768
900000769
900000770
900000771
900000772
900000773
900000774
900000775
900000776
900000777
900000778
900000779
900000780
900000781
900000782
900000783
900000784
900000785
900000786
900000787
900000788
900000789
900000790
900000791
900000792
900000793
900000794
900000795
900000796
900000797
900000798
900000799
900000800
900000801
900000802
900000803
900000804
900000805
900000806
900000807
900000808
900000809
900000810
900000811
900000812
900000813
900000814
900000815
900000816
900000817
900000818
900000819
900000820
900000821
900000822
900000823
900000824
900000825
900000826
900000827
900000828
900000829
900000830
900000831
900000832
900000833
900000834
900000835
900000836
900000837
900000838
900000839
900000840
900000841
900000842
900000843
900000844
900000845
900000846
900000847
900000848
900000849
900000850
900000851
900000852
900000853
900000854
900000855
900000856
900000857
900000858
900000859
900000860
900000861
900000862
900000863
900000864
900000865
900000866
900000867
900000868
900000869
900000870
900000871
900000872
900000873
900000874
900000875
900000876
900000877
900000878
900000879
900000880
900000881
900000882
900000883
900000884
900000885
900000886
900000887
900000888
900000889
900000890
900000891
900000892
900000893
900000894
900000895
900000896
900000897
900000898
900000899
900000900
900000901
900000902
900000903
900000904
900000905
900000906
900000907
900000908
900000909
900000910
900000911
900000912
900000913
900000914
900000915
900000916
900000917
900000918
900000919
900000920
900000921
900000922
900000923
900000924
900000925
900000926
900000927
900000928
900000929
900000930
900000931
900000932
900000933
900000934
900000935
900000936
900000937
900000938
900000939
900000940
900000941
900000942
900000943
900000944
900000945
900000946
900000947
900000948
900000949
900000950
900000951
900000952
900000953
900000954
900000955
900000956
900000957
900000958
900000959
900000960
900000961
900000962
900000963
900000964
900000965
900000966
900000967
900000968
900000969
900000970
900000971
900000972
900000973
900000974
900000975
900000976
900000977
900000978
900000979
900000980
900000981
900000982
900000983
900000984
900000985
900000986
900000987
900000988
900000989
900000990
900000991
900000992
900000993
900000994
900000995
900000996
900000997
900000998
900000999
900001000
900001001
900001002
900001003
900001004
900001005
900001006
900001007
900001008
900001009
900001010
900001011
900001012
900001013
900001014
900001015
900001016
900001017
900001018
900001019
900001020
900001021
900001022
900001023
900001024
900001025
900001026
900001027
900001028
900001029
900001030
900001031
900001032
900001033
900001034
900001035
900001036
900001037
900001038
900001039
900001040
900001041
900001042
900001043
900001044
900001045
900001046
900001047
900001048
900001049
900001050
900001051
900001052
900001053
900001054
900001055
900001056
900001057
900001058
900001059
900001060
900001061
900001062
900001063
900001064
900001065
900001066
900001067
900001068
900001069
900001070
900001071
900001072
900001073
900001074
900001075
900001076
900001077
900001078
900001079
900001080
900001081
900001082
900001083
900001084
900001085
900001086
900001087
900001088
900001089
900001090
900001091
900001092
900001093
900001094
900001095
900001096
900001097
900001098
900001099
900001100
900001101
900001102
900001103
900001104
900001105
900001106
900001107
900001108
900001109
900001110
900001111
900001112
900001113
900001114
900001115
900001116
900001117
900001118
900001119
900001120
900001121
900001122
900001123
900001124
900001125
900001126
900001127
900001128
900001129
900001130
900001131
900001132
900001133
900001134
900001135
900001136
900001137
900001138
900001139
900001140
900001141
900001142
900001143
900001144
900001145
900001146
900001147
900001148
900001149
900001150
900001151
900001152
900001153
900001154
900001155
900001156
900001157
900001158
900001159
900001160
900001161
900001162
900001163
900001164
900001165
900001166
900001167
900001168
900001169
900001170
900001171
900001172
900001173
900001174
900001175
900001176
900001177
900001178
900001179
900001180
900001181
900001182
900001183
900001184
900001185
900001186
900001187
900001188
900001189
900001190
900001191
900001192
900001193
900001194
900001195
900001196
900001197
900001198
900001199
900001200
900001201
900001202
900001203
900001204
900001205
900001206
900001207
900001208
900001209
900001210
900001211
900001212
900001213
900001214
900001215
900001216
900001217
900001218
900001219
900001220
900001221
900001222
900001223
900001224
900001225
900001226
900001227
900001228
900001229
900001230
900001231
900001232
900001233
900001234
900001235
900001236
900001237
900001238
900001239
900001240
900001241
900001242
900001243
900001244
900001245
900001246
900001247
900001248
900001249
900001250
900001251
900001252
900001253
900001254
900001255
900001256
900001257
900001258
900001259
900001260
900001261
900001262
900001263
900001264
900001265
900001266
900001267
900001268
900001269
900001270
900001271
900001272
900001273
900001274
900001275
900001276
900001277
900001278
900001279
900001280
900001281
900001282
900001283
900001284
900001285
900001286
900001287
900001288
900001289
900001290
900001291
900001292
900001293
900001294
900001295
900001296
900001297
900001298
900001299
900001300
900001301
900001302
900001303
900001304
900001305
900001306
900001307
900001308
900001309
900001310
900001311
900001312
900001313
900001314
900001315
900001316
900001317
900001318
900001319
900001320
900001321
900001322
900001323
900001324
900001325
900001326
900001327
900001328
900001329
900001330
900001331
900001332
900001333
900001334
900001335
900001336
900001337
900001338
900001339
900001340
900001341
900001342
900001343
900001344
900001345
900001346
900001347
900001348
900001349
900001350
900001351
900001352
900001353
900001354
900001355
900001356
900001357
900001358
900001359
900001360
900001361
900001362
900001363
900001364
900001365
900001366
900001367
900001368
900001369
900001370
900001371
900001372
900001373
900001374
900001375
900001376
900001377
900001378
900001379
900001380
900001381
900001382
900001383
900001384
900001385
900001386
900001387
900001388
900001389
900001390
900001391
900001392
900001393
900001394
900001395
900001396
900001397
900001398
900001399
900001400
900001401
900001402
900001403
900001404
900001405
900001406
900001407
900001408
900001409
900001410
900001411
900001412
900001413
900001414
900001415
900001416
900001417
900001418
900001419
900001420
900001421
900001422
900001423
900001424
900001425
900001426
900001427
900001428
900001429
900001430
900001431
900001432
900001433
900001434
900001435
900001436
900001437
900001438
900001439
900001440
900001441
900001442
900001443
900001444
900001445
900001446
900001447
900001448
900001449
900001450
900001451
900001452
900001453
900001454
900001455
900001456
900001457
900001458
900001459
900001460
900001461
900001462
900001463
900001464
900001465
900001466
900001467
900001468
900001469
900001470
900001471
900001472
900001473
900001474
900001475
900001476
900001477
900001478
900001479
900001480
900001481
900001482
900001483
900001484
900001485
900001486
900001487
900001488
900001489
900001490
900001491
900001492
900001493
900001494
900001495
900001496
900001497
900001498
900001499
900001500
900001501
900001502
900001503
900001504
900001505
900001506
900001507
900001508
900001509
900001510
900001511
900001512
900001513
900001514
900001515
900001516
900001517
900001518
900001519
900001520
900001521
900001522
900001523
900001524
900001525
900001526
900001527
900001528
900001529
900001530
900001531
900001532
900001533
900001534
900001535
900001536
900001537
900001538
900001539
900001540
900001541
900001542
900001543
900001544
900001545
900001546
900001547
900001548
900001549
900001550
900001551
900001552
900001553
900001554
900001555
900001556
900001557
900001558
900001559
900001560
900001561
900001562
900001563
900001564
900001565
900001566
900001567
900001568
900001569
900001570
900001571
900001572
900001573
900001574
900001575
900001576
900001577
900001578
900001579
900001580
900001581
900001582
900001583
900001584
900001585
900001586
900001587
900001588
900001589
900001590
900001591
900001592
900001593
900001594
900001595
900001596
900001597
900001598
900001599
900001600
900001601
900001602
900001603
900001604
900001605
900001606
900001607
900001608
900001609
900001610
900001611
900001612
900001613
900001614
900001615
900001616
900001617
900001618
900001619
900001620
900001621
900001622
900001623
900001624
900001625
900001626
900001627
900001628
900001629
900001630
900001631
900001632
900001633
900001634
900001635
900001636
900001637
900001638
900001639
900001640
900001641
900001642
900001643
900001644
900001645
900001646
900001647
900001648
900001649
900001650
900001651
900001652
900001653
900001654
900001655
900001656
900001657
900001658
900001659
900001660
900001661
900001662
900001663
900001664
900001665
900001666
900001667
900001668
900001669
900001670
900001671
900001672
900001673
900001674
900001675
900001676
900001677
900001678
900001679
900001680
900001681
900001682
900001683
900001684
900001685
900001686
900001687
900001688
900001689
900001690
900001691
900001692
900001693
900001694
900001695
900001696
900001697
900001698
900001699
900001700
900001701
900001702
900001703
900001704
900001705
900001706
900001707
900001708
900001709
900001710
900001711
900001712
900001713
900001714
900001715
900001716
900001717
900001718
900001719
900001720
900001721
900001722
900001723
900001724
900001725
900001726
900001727
900001728
900001729
900001730
900001731
900001732
900001733
900001734
900001735
900001736
900001737
900001738
900001739
900001740
900001741
900001742
900001743
900001744
900001745
900001746
900001747
900001748
900001749
900001750
900001751
900001752
900001753
900001754
900001755
900001756
900001757
900001758
900001759
900001760
900001761
900001762
900001763
900001764
900001765
900001766
900001767
900001768
900001769
900001770
900001771
900001772
900001773
900001774
900001775
900001776
900001777
900001778
900001779
900001780
900001781
900001782
900001783
900001784
900001785
900001786
900001787
900001788
900001789
900001790
900001791
900001792
900001793
900001794
900001795
900001796
900001797
900001798
900001799
900001800
900001801
900001802
900001803
900001804
900001805
900001806
900001807
900001808
900001809
900001810
900001811
900001812
900001813
900001814
900001815
900001816
900001817
900001818
900001819
900001820
900001821
900001822
900001823
900001824
900001825
900001826
900001827
900001828
900001829
900001830
900001831
900001832
900001833
900001834
900001835
900001836
900001837
900001838
900001839
900001840
900001841
900001842
900001843
900001844
900001845
900001846
900001847
900001848
900001849
900001850
900001851
900001852
900001853
900001854
900001855
900001856
900001857
900001858
900001859
900001860
900001861
900001862
900001863
900001864
900001865
900001866
900001867
900001868
900001869
900001870
900001871
900001872
900001873
900001874
900001875
900001876
900001877
900001878
900001879
900001880
900001881
900001882
900001883
900001884
900001885
900001886
900001887
900001888
900001889
900001890
900001891
900001892
900001893
900001894
900001895
900001896
900001897
900001898
900001899
900001900
900001901
900001902
900001903
900001904
900001905
900001906
900001907
900001908
900001909
900001910
900001911
900001912
900001913
900001914
900001915
900001916
900001917
900001918
900001919
900001920
900001921
900001922
900001923
900001924
900001925
900001926
900001927
900001928
900001929
900001930
900001931
900001932
900001933
900001934
900001935
900001936
900001937
900001938
900001939
900001940
900001941
900001942
900001943
900001944
900001945
900001946
900001947
900001948
900001949
900001950
900001951
900001952
900001953
900001954
900001955
900001956
900001957
900001958
900001959
900001960
900001961
900001962
900001963
900001964
900001965
900001966
900001967
900001968
900001969
900001970
900001971
900001972
900001973
900001974
900001975
900001976
900001977
900001978
900001979
900001980
900001981
900001982
900001983
900001984
900001985
900001986
900001987
900001988
900001989
900001990
900001991
900001992
900001993
900001994
900001995
900001996
900001997
900001998
900001999
900002000
900002001
900002002
900002003
900002004
900002005
900002006
900002007
900002008
900002009
900002010
900002011
900002012
900002013
900002014
900002015
900002016
900002017
900002018
900002019
900002020
900002021
900002022
900002023
900002024
900002025
900002026
900002027
900002028
900002029
900002030
900002031
900002032
900002033
900002034
900002035
900002036
900002037
900002038
900002039
900002040
900002041
900002042
900002043
900002044
900002045
900002046
900002047
900002048
900002049
900002050
900002051
900002052
900002053
900002054
900002055
900002056
900002057
900002058
900002059
900002060
900002061
900002062
900002063
900002064
900002065
900002066
900002067
900002068
900002069
900002070
900002071
900002072
900002073
900002074
900002075
900002076
900002077
900002078
900002079
900002080
900002081
900002082
900002083
900002084
900002085
900002086
900002087
900002088
900002089
900002090
900002091
900002092
900002093
900002094
900002095
900002096
900002097
900002098
900002099
900002100
900002101
900002102
900002103
900002104
900002105
900002106
900002107
900002108
900002109
900002110
900002111
900002112
900002113
900002114
900002115
900002116
900002117
900002118
900002119
900002120
900002121
900002122
900002123
900002124
900002125
900002126
900002127
900002128
900002129
900002130
900002131
900002132
900002133
900002134
900002135
900002136
900002137
900002138
900002139
900002140
900002141
900002142
900002143
900002144
900002145
900002146
900002147
900002148
900002149
900002150
900002151
900002152
900002153
900002154
900002155
900002156
900002157
900002158
900002159
900002160
900002161
900002162
900002163
900002164
900002165
900002166
900002167
900002168
900002169
900002170
900002171
900002172
900002173
900002174
900002175
900002176
900002177
900002178
900002179
900002180
900002181
900002182
900002183
900002184
900002185
900002186
900002187
900002188
900002189
900002190
900002191
900002192
900002193
900002194
900002195
900002196
900002197
900002198
900002199
900002200
900002201
900002202
900002203
900002204
900002205
900002206
900002207
900002208
900002209
900002210
900002211
900002212
900002213
900002214
900002215
900002216
900002217
900002218
900002219
900002220
900002221
900002222
900002223
900002224
900002225
900002226
900002227
900002228
900002229
900002230
900002231
900002232
900002233
900002234
900002235
900002236
900002237
900002238
900002239
900002240
900002241
900002242
900002243
900002244
900002245
900002246
900002247
900002248
900002249
900002250
900002251
900002252
900002253
900002254
900002255
900002256
900002257
900002258
900002259
900002260
900002261
900002262
900002263
900002264
900002265
900002266
900002267
900002268
900002269
900002270
900002271
900002272
900002273
900002274
900002275
900002276
900002277
900002278
900002279
900002280
900002281
900002282
900002283
900002284
900002285
900002286
900002287
900002288
900002289
900002290
900002291
900002292
900002293
900002294
900002295
900002296
900002297
900002298
900002299
900002300
900002301
900002302
900002303
900002304
900002305
900002306
900002307
900002308
900002309
900002310
900002311
900002312
900002313
900002314
900002315
900002316
900002317
900002318
900002319
900002320
900002321
900002322
900002323
900002324
900002325
900002326
900002327
900002328
900002329
900002330
900002331
900002332
900002333
900002334
900002335
900002336
900002337
900002338
900002339
900002340
900002341
900002342
900002343
900002344
900002345
900002346
900002347
900002348
900002349
900002350
900002351
900002352
900002353
900002354
900002355
900002356
900002357
900002358
900002359
900002360
900002361
900002362
900002363
900002364
900002365
900002366
900002367
900002368
900002369
900002370
900002371
900002372
900002373
900002374
900002375
900002376
900002377
900002378
900002379
900002380
900002381
900002382
900002383
900002384
900002385
900002386
900002387
900002388
900002389
900002390
900002391
900002392
900002393
900002394
900002395
900002396
900002397
900002398
900002399
900002400
900002401
900002402
900002403
900002404
900002405
900002406
900002407
900002408
900002409
900002410
900002411
900002412
900002413
900002414
900002415
900002416
900002417
900002418
900002419
900002420
900002421
900002422
900002423
900002424
900002425
900002426
900002427
900002428
900002429
900002430
900002431
900002432
900002433
900002434
900002435
900002436
900002437
900002438
900002439
900002440
900002441
900002442
900002443
900002444
900002445
900002446
900002447
900002448
900002449
900002450
900002451
900002452
900002453
900002454
900002455
900002456
900002457
900002458
900002459
900002460
900002461
900002462
900002463
900002464
900002465
900002466
900002467
900002468
900002469
900002470
900002471
900002472
900002473
900002474
900002475
900002476
900002477
900002478
900002479
900002480
900002481
900002482
900002483
900002484
900002485
900002486
900002487
900002488
900002489
900002490
900002491
900002492
900002493
900002494
900002495
900002496
900002497
900002498
900002499
900002500
900002501
900002502
900002503
900002504
900002505
900002506
900002507
900002508
900002509
900002510
900002511
900002512
900002513
900002514
900002515
900002516
900002517
900002518
900002519
900002520
900002521
900002522
900002523
900002524
900002525
900002526
900002527
900002528
900002529
900002530
900002531
900002532
900002533
900002534
900002535
900002536
900002537
900002538
900002539
900002540
900002541
900002542
900002543
900002544
900002545
900002546
900002547
900002548
900002549
900002550
900002551
900002552
900002553
900002554
900002555
900002556
900002557
900002558
900002559
900002560
900002561
900002562
900002563
900002564
900002565
900002566
900002567
900002568
900002569
900002570
900002571
900002572
900002573
900002574
900002575
900002576
900002577
900002578
900002579
900002580
900002581
900002582
900002583
900002584
900002585
900002586
900002587
900002588
900002589
900002590
900002591
900002592
900002593
900002594
900002595
900002596
900002597
900002598
900002599
900002600
900002601
900002602
900002603
900002604
900002605
900002606
900002607
900002608
900002609
900002610
900002611
900002612
900002613
900002614
900002615
900002616
900002617
900002618
900002619
900002620
900002621
900002622
900002623
900002624
900002625
900002626
900002627
900002628
900002629
900002630
900002631
900002632
900002633
900002634
900002635
900002636
900002637
900002638
900002639
900002640
900002641
900002642
900002643
900002644
900002645
900002646
900002647
900002648
900002649
900002650
900002651
900002652
900002653
900002654
900002655
900002656
900002657
900002658
900002659
900002660
900002661
900002662
900002663
900002664
900002665
900002666
900002667
900002668
900002669
900002670
900002671
900002672
900002673
900002674
900002675
900002676
900002677
900002678
900002679
900002680
900002681
900002682
900002683
900002684
900002685
900002686
900002687
900002688
900002689
900002690
900002691
900002692
900002693
900002694
900002695
900002696
900002697
900002698
900002699
900002700
900002701
900002702
900002703
900002704
900002705
900002706
900002707
900002708
900002709
900002710
900002711
900002712
900002713
900002714
900002715
900002716
900002717
900002718
900002719
900002720
900002721
900002722
900002723
900002724
900002725
900002726
900002727
900002728
900002729
900002730
900002731
900002732
900002733
900002734
900002735
900002736
900002737
900002738
900002739
900002740
900002741
900002742
900002743
900002744
900002745
900002746
900002747
900002748
900002749
900002750
900002751
900002752
900002753
900002754
900002755
900002756
900002757
900002758
900002759
900002760
900002761
900002762
900002763
900002764
900002765
900002766
900002767
900002768
900002769
900002770
900002771
900002772
900002773
900002774
900002775
900002776
900002777
900002778
900002779
900002780
900002781
900002782
900002783
900002784
900002785
900002786
900002787
900002788
900002789
900002790
900002791
900002792
900002793
900002794
900002795
900002796
900002797
900002798
900002799
900002800
900002801
900002802
900002803
900002804
900002805
900002806
900002807
900002808
900002809
900002810
900002811
900002812
900002813
900002814
900002815
900002816
900002817
900002818
900002819
900002820
900002821
900002822
900002823
900002824
900002825
900002826
900002827
900002828
900002829
900002830
900002831
900002832
900002833
900002834
900002835
900002836
900002837
900002838
900002839
900002840
900002841
900002842
900002843
900002844
900002845
900002846
900002847
900002848
900002849
900002850
900002851
900002852
900002853
900002854
900002855
900002856
900002857
900002858
900002859
900002860
900002861
900002862
900002863
900002864
900002865
900002866
900002867
900002868
900002869
900002870
900002871
900002872
900002873
900002874
900002875
900002876
900002877
900002878
900002879
900002880
900002881
900002882
900002883
900002884
900002885
900002886
900002887
900002888
900002889
900002890
900002891
900002892
900002893
900002894
900002895
900002896
900002897
900002898
900002899
900002900
900002901
900002902
900002903
900002904
900002905
900002906
900002907
900002908
900002909
900002910
900002911
900002912
900002913
900002914
900002915
900002916
900002917
900002918
900002919
900002920
900002921
900002922
900002923
900002924
900002925
900002926
900002927
900002928
900002929
900002930
900002931
900002932
900002933
900002934
900002935
900002936
900002937
900002938
900002939
900002940
900002941
900002942
900002943
900002944
900002945
900002946
900002947
900002948
900002949
900002950
900002951
900002952
900002953
900002954
900002955
900002956
900002957
900002958
900002959
900002960
900002961
900002962
900002963
900002964
900002965
900002966
900002967
900002968
900002969
900002970
900002971
900002972
900002973
900002974
900002975
900002976
900002977
900002978
900002979
900002980
900002981
900002982
900002983
900002984
900002985
900002986
900002987
900002988
900002989
900002990
900002991
900002992
900002993
900002994
900002995
900002996
900002997
900002998
900002999
900003000
900003001
900003002
900003003
900003004
900003005
900003006
900003007
900003008
900003009
900003010
900003011
900003012
900003013
900003014
900003015
900003016
900003017
900003018
900003019
900003020
900003021
900003022
900003023
900003024
900003025
900003026
900003027
900003028
900003029
900003030
900003031
900003032
900003033
900003034
900003035
900003036
900003037
900003038
900003039
900003040
900003041
900003042
900003043
900003044
900003045
900003046
900003047
900003048
900003049
900003050
900003051
900003052
900003053
900003054
900003055
900003056
900003057
900003058
900003059
900003060
900003061
900003062
900003063
900003064
900003065
900003066
900003067
900003068
900003069
900003070
900003071
900003072
900003073
900003074
900003075
900003076
900003077
900003078
900003079
900003080
900003081
900003082
900003083
900003084
900003085
900003086
900003087
900003088
900003089
900003090
900003091
900003092
900003093
900003094
900003095
900003096
900003097
900003098
900003099
900003100
900003101
900003102
900003103
900003104
900003105
900003106
900003107
900003108
900003109
900003110
900003111
900003112
900003113
900003114
900003115
900003116
900003117
900003118
900003119
900003120
900003121
900003122
900003123
900003124
900003125
900003126
900003127
900003128
900003129
900003130
900003131
900003132
900003133
900003134
900003135
900003136
900003137
900003138
900003139
900003140
900003141
900003142
900003143
900003144
900003145
900003146
900003147
900003148
900003149
900003150
900003151
900003152
900003153
900003154
900003155
900003156
900003157
900003158
900003159
900003160
900003161
900003162
900003163
900003164
900003165
900003166
900003167
900003168
900003169
900003170
900003171
900003172
900003173
900003174
900003175
900003176
900003177
900003178
900003179
900003180
900003181
900003182
900003183
900003184
900003185
900003186
900003187
900003188
900003189
900003190
900003191
900003192
900003193
900003194
900003195
900003196
900003197
900003198
900003199
900003200
900003201
900003202
900003203
900003204
900003205
900003206
900003207
900003208
900003209
900003210
900003211
900003212
900003213
900003214
900003215
900003216
900003217
900003218
900003219
900003220
900003221
900003222
900003223
900003224
900003225
900003226
900003227
900003228
900003229
900003230
900003231
900003232
900003233
900003234
900003235
900003236
900003237
900003238
900003239
900003240
900003241
900003242
900003243
900003244
900003245
900003246
900003247
900003248
900003249
900003250
900003251
900003252
900003253
900003254
900003255
900003256
900003257
900003258
900003259
900003260
900003261
900003262
900003263
900003264
900003265
900003266
900003267
900003268
900003269
900003270
900003271
900003272
900003273
900003274
900003275
900003276
900003277
900003278
900003279
900003280
900003281
900003282
900003283
900003284
900003285
900003286
900003287
900003288
900003289
900003290
900003291
900003292
900003293
900003294
900003295
900003296
900003297
900003298
900003299
900003300
900003301
900003302
900003303
900003304
900003305
900003306
900003307
900003308
900003309
900003310
900003311
900003312
900003313
900003314
900003315
900003316
900003317
900003318
900003319
900003320
900003321
900003322
900003323
900003324
900003325
900003326
900003327
900003328
900003329
900003330
900003331
900003332
900003333
900003334
900003335
900003336
900003337
900003338
900003339
900003340
900003341
900003342
900003343
900003344
900003345
900003346
900003347
900003348
900003349
900003350
900003351
900003352
900003353
900003354
900003355
900003356
900003357
900003358
900003359
900003360
900003361
900003362
900003363
900003364
900003365
900003366
900003367
900003368
900003369
900003370
900003371
900003372
900003373
900003374
900003375
900003376
900003377
900003378
900003379
900003380
900003381
900003382
900003383
900003384
900003385
900003386
900003387
900003388
900003389
900003390
900003391
900003392
900003393
900003394
900003395
900003396
900003397
900003398
900003399
900003400
900003401
900003402
900003403
900003404
900003405
900003406
900003407
900003408
900003409
900003410
900003411
900003412
900003413
900003414
900003415
900003416
900003417
900003418
900003419
900003420
900003421
900003422
900003423
900003424
900003425
900003426
900003427
900003428
900003429
900003430
900003431
900003432
900003433
900003434
900003435
900003436
900003437
900003438
900003439
900003440
900003441
900003442
900003443
900003444
900003445
900003446
900003447
900003448
900003449
900003450
900003451
900003452
900003453
900003454
900003455
900003456
900003457
900003458
900003459
900003460
900003461
900003462
900003463
900003464
900003465
900003466
900003467
900003468
900003469
900003470
900003471
900003472
900003473
900003474
900003475
900003476
900003477
900003478
900003479
900003480
900003481
900003482
900003483
900003484
900003485
900003486
900003487
900003488
900003489
900003490
900003491
900003492
900003493
900003494
900003495
900003496
900003497
900003498
900003499
900003500
900003501
900003502
900003503
900003504
900003505
900003506
900003507
900003508
900003509
900003510
900003511
900003512
900003513
900003514
900003515
900003516
900003517
900003518
900003519
900003520
900003521
900003522
900003523
900003524
900003525
900003526
900003527
900003528
900003529
900003530
900003531
900003532
900003533
900003534
900003535
900003536
900003537
900003538
900003539
900003540
900003541
900003542
900003543
900003544
900003545
900003546
900003547
900003548
900003549
900003550
900003551
900003552
900003553
900003554
900003555
900003556
900003557
900003558
900003559
900003560
900003561
900003562
900003563
900003564
900003565
900003566
900003567
900003568
900003569
900003570
900003571
900003572
900003573
900003574
900003575
900003576
900003577
900003578
900003579
900003580
900003581
900003582
900003583
900003584
900003585
900003586
900003587
900003588
900003589
900003590
900003591
900003592
900003593
900003594
900003595
900003596
900003597
900003598
900003599
900003600
900003601
900003602
900003603
900003604
900003605
900003606
900003607
900003608
900003609
900003610
900003611
900003612
900003613
900003614
900003615
900003616
900003617
900003618
900003619
900003620
900003621
900003622
900003623
900003624
900003625
900003626
900003627
900003628
900003629
900003630
900003631
900003632
900003633
900003634
900003635
900003636
900003637
900003638
900003639
900003640
900003641
900003642
900003643
900003644
900003645
900003646
900003647
900003648
900003649
900003650
900003651
900003652
900003653
900003654
900003655
900003656
900003657
900003658
900003659
900003660
900003661
900003662
900003663
900003664
900003665
900003666
900003667
900003668
900003669
900003670
900003671
900003672
900003673
900003674
900003675
900003676
900003677
900003678
900003679
900003680
900003681
900003682
900003683
900003684
900003685
900003686
900003687
900003688
900003689
900003690
900003691
900003692
900003693
900003694
900003695
900003696
900003697
900003698
900003699
900003700
900003701
900003702
900003703
900003704
900003705
900003706
900003707
900003708
900003709
900003710
900003711
900003712
900003713
900003714
900003715
900003716
900003717
900003718
900003719
900003720
900003721
900003722
900003723
900003724
900003725
900003726
900003727
900003728
900003729
900003730
900003731
900003732
900003733
900003734
900003735
900003736
900003737
900003738
900003739
900003740
900003741
900003742
900003743
900003744
900003745
900003746
900003747
900003748
900003749
900003750
900003751
900003752
900003753
900003754
900003755
900003756
900003757
900003758
900003759
900003760
900003761
900003762
900003763
900003764
900003765
900003766
900003767
900003768
900003769
900003770
900003771
900003772
900003773
900003774
900003775
900003776
900003777
900003778
900003779
900003780
900003781
900003782
900003783
900003784
900003785
900003786
900003787
900003788
900003789
900003790
900003791
900003792
900003793
900003794
900003795
900003796
900003797
900003798
900003799
900003800
900003801
900003802
900003803
900003804
900003805
900003806
900003807
900003808
900003809
900003810
900003811
900003812
900003813
900003814
900003815
900003816
900003817
900003818
900003819
900003820
900003821
900003822
900003823
900003824
900003825
900003826
900003827
900003828
900003829
900003830
900003831
900003832
900003833
900003834
900003835
900003836
900003837
900003838
900003839
900003840
900003841
900003842
900003843
900003844
900003845
900003846
900003847
900003848
900003849
900003850
900003851
900003852
900003853
900003854
900003855
900003856
900003857
900003858
900003859
900003860
900003861
900003862
900003863
900003864
900003865
900003866
900003867
900003868
900003869
900003870
900003871
900003872
900003873
900003874
900003875
900003876
900003877
900003878
900003879
900003880
900003881
900003882
900003883
900003884
900003885
900003886
900003887
900003888
900003889
900003890
900003891
900003892
900003893
900003894
900003895
900003896
900003897
900003898
900003899
900003900
900003901
900003902
900003903
900003904
900003905
900003906
900003907
900003908
900003909
900003910
900003911
900003912
900003913
900003914
900003915
900003916
900003917
900003918
900003919
900003920
900003921
900003922
900003923
900003924
900003925
900003926
900003927
900003928
900003929
900003930
900003931
900003932
900003933
900003934
900003935
900003936
900003937
900003938
900003939
900003940
900003941
900003942
900003943
900003944
900003945
900003946
900003947
900003948
900003949
900003950
900003951
900003952
900003953
900003954
900003955
900003956
900003957
900003958
900003959
900003960
900003961
900003962
900003963
900003964
900003965
900003966
900003967
900003968
900003969
900003970
900003971
900003972
900003973
900003974
900003975
900003976
900003977
900003978
900003979
900003980
900003981
900003982
900003983
900003984
900003985
900003986
900003987
900003988
900003989
900003990
900003991
900003992
900003993
900003994
900003995
900003996
900003997
900003998
900003999
900004000
900004001
900004002
900004003
900004004
900004005
900004006
900004007
900004008
900004009
900004010
900004011
900004012
900004013
900004014
900004015
900004016
900004017
900004018
900004019
900004020
900004021
900004022
900004023
900004024
900004025
900004026
900004027
900004028
900004029
900004030
900004031
900004032
900004033
900004034
900004035
900004036
900004037
900004038
900004039
900004040
900004041
900004042
900004043
900004044
900004045
900004046
900004047
900004048
900004049
900004050
900004051
900004052
900004053
900004054
900004055
900004056
900004057
900004058
900004059
900004060
900004061
900004062
900004063
900004064
900004065
900004066
900004067
900004068
900004069
900004070
900004071
900004072
900004073
900004074
900004075
900004076
900004077
900004078
900004079
900004080
900004081
900004082
900004083
900004084
900004085
900004086
900004087
900004088
900004089
900004090
900004091
900004092
900004093
900004094
900004095
900004096
900004097
900004098
900004099
900004100
900004101
900004102
900004103
900004104
900004105
900004106
900004107
900004108
900004109
900004110
900004111
900004112
900004113
900004114
900004115
900004116
900004117
900004118
900004119
900004120
900004121
900004122
900004123
900004124
900004125
900004126
900004127
900004128
900004129
900004130
900004131
900004132
900004133
900004134
900004135
900004136
900004137
900004138
900004139
900004140
900004141
900004142
900004143
900004144
900004145
900004146
900004147
900004148
900004149
900004150
900004151
900004152
900004153
900004154
900004155
900004156
900004157
900004158
900004159
900004160
900004161
900004162
900004163
900004164
900004165
900004166
900004167
900004168
900004169
900004170
900004171
900004172
900004173
900004174
900004175
900004176
900004177
900004178
900004179
900004180
900004181
900004182
900004183
900004184
900004185
900004186
900004187
900004188
900004189
900004190
900004191
900004192
900004193
900004194
900004195
900004196
900004197
900004198
900004199
900004200
900004201
900004202
900004203
900004204
900004205
900004206
900004207
900004208
900004209
900004210
900004211
900004212
900004213
900004214
900004215
900004216
900004217
900004218
900004219
900004220
900004221
900004222
900004223
900004224
900004225
900004226
900004227
900004228
900004229
900004230
900004231
900004232
900004233
900004234
900004235
900004236
900004237
900004238
900004239
900004240
900004241
900004242
900004243
900004244
900004245
900004246
900004247
900004248
900004249
900004250
900004251
900004252
900004253
900004254
900004255
900004256
900004257
900004258
900004259
900004260
900004261
900004262
900004263
900004264
900004265
900004266
900004267
900004268
900004269
900004270
900004271
900004272
900004273
900004274
900004275
900004276
900004277
900004278
900004279
900004280
900004281
900004282
900004283
900004284
900004285
900004286
900004287
900004288
900004289
900004290
900004291
900004292
900004293
900004294
900004295
900004296
900004297
900004298
900004299
900004300
900004301
900004302
900004303
900004304
900004305
900004306
900004307
900004308
900004309
900004310
900004311
900004312
900004313
900004314
900004315
900004316
900004317
900004318
900004319
900004320
900004321
900004322
900004323
900004324
900004325
900004326
900004327
900004328
900004329
900004330
900004331
900004332
900004333
900004334
900004335
900004336
900004337
900004338
900004339
900004340
900004341
900004342
900004343
900004344
900004345
900004346
900004347
900004348
900004349
900004350
900004351
900004352
900004353
900004354
900004355
900004356
900004357
900004358
900004359
900004360
900004361
900004362
900004363
900004364
900004365
900004366
900004367
900004368
900004369
900004370
900004371
900004372
900004373
900004374
900004375
900004376
900004377
900004378
900004379
900004380
900004381
900004382
900004383
900004384
900004385
900004386
900004387
900004388
900004389
900004390
900004391
900004392
900004393
900004394
900004395
900004396
900004397
900004398
900004399
900004400
900004401
900004402
900004403
900004404
900004405
900004406
900004407
900004408
900004409
900004410
900004411
900004412
900004413
900004414
900004415
900004416
900004417
900004418
900004419
900004420
900004421
900004422
900004423
900004424
900004425
900004426
900004427
900004428
900004429
900004430
900004431
900004432
900004433
900004434
900004435
900004436
900004437
900004438
900004439
900004440
900004441
900004442
900004443
900004444
900004445
900004446
900004447
900004448
900004449
900004450
900004451
900004452
900004453
900004454
900004455
900004456
900004457
900004458
900004459
900004460
900004461
900004462
900004463
900004464
900004465
900004466
900004467
900004468
900004469
900004470
900004471
900004472
900004473
900004474
900004475
900004476
900004477
900004478
900004479
900004480
900004481
900004482
900004483
900004484
900004485
900004486
900004487
900004488
900004489
900004490
900004491
900004492
900004493
900004494
900004495
900004496
900004497
900004498
900004499
900004500
900004501
900004502
900004503
900004504
900004505
900004506
900004507
900004508
900004509
900004510
900004511
900004512
900004513
900004514
900004515
900004516
900004517
900004518
900004519
900004520
900004521
900004522
900004523
900004524
900004525
900004526
900004527
900004528
900004529
900004530
900004531
900004532
900004533
900004534
900004535
900004536
900004537
900004538
900004539
900004540
900004541
900004542
900004543
900004544
900004545
900004546
900004547
900004548
900004549
900004550
900004551
900004552
900004553
900004554
900004555
900004556
900004557
900004558
900004559
900004560
900004561
900004562
900004563
900004564
900004565
900004566
900004567
900004568
900004569
900004570
900004571
900004572
900004573
900004574
900004575
900004576
900004577
900004578
900004579
900004580
900004581
900004582
900004583
900004584
900004585
900004586
900004587
900004588
900004589
900004590
900004591
900004592
900004593
900004594
900004595
900004596
900004597
900004598
900004599
900004600
900004601
900004602
900004603
900004604
900004605
900004606
900004607
900004608
900004609
900004610
900004611
900004612
900004613
900004614
900004615
900004616
900004617
900004618
900004619
900004620
900004621
900004622
900004623
900004624
900004625
900004626
900004627
900004628
900004629
900004630
900004631
900004632
900004633
900004634
900004635
900004636
900004637
900004638
900004639
900004640
900004641
900004642
900004643
900004644
900004645
900004646
900004647
900004648
900004649
900004650
900004651
900004652
900004653
900004654
900004655
900004656
900004657
900004658
900004659
900004660
900004661
900004662
900004663
900004664
900004665
900004666
900004667
900004668
900004669
900004670
900004671
900004672
900004673
900004674
900004675
900004676
900004677
900004678
900004679
900004680
900004681
900004682
900004683
900004684
900004685
900004686
900004687
900004688
900004689
900004690
900004691
900004692
900004693
900004694
900004695
900004696
900004697
900004698
900004699
900004700
900004701
900004702
900004703
900004704
900004705
900004706
900004707
900004708
900004709
900004710
900004711
900004712
900004713
900004714
900004715
900004716
900004717
900004718
900004719
900004720
900004721
900004722
900004723
900004724
900004725
900004726
900004727
900004728
900004729
900004730
900004731
900004732
900004733
900004734
900004735
900004736
900004737
900004738
900004739
900004740
900004741
900004742
900004743
900004744
900004745
900004746
900004747
900004748
900004749
900004750
900004751
900004752
900004753
900004754
900004755
900004756
900004757
900004758
900004759
900004760
900004761
900004762
900004763
900004764
900004765
900004766
900004767
900004768
900004769
900004770
900004771
900004772
900004773
900004774
900004775
900004776
900004777
900004778
900004779
900004780
900004781
900004782
900004783
900004784
900004785
900004786
900004787
900004788
900004789
900004790
900004791
900004792
900004793
900004794
900004795
900004796
900004797
900004798
900004799
900004800
900004801
900004802
900004803
900004804
900004805
900004806
900004807
900004808
900004809
900004810
900004811
900004812
900004813
900004814
900004815
900004816
900004817
900004818
900004819
900004820
900004821
900004822
900004823
900004824
900004825
900004826
900004827
900004828
900004829
900004830
900004831
900004832
900004833
900004834
900004835
900004836
900004837
900004838
900004839
900004840
900004841
900004842
900004843
900004844
900004845
900004846
900004847
900004848
900004849
900004850
900004851
900004852
900004853
900004854
900004855
900004856
900004857
900004858
900004859
900004860
900004861
900004862
900004863
900004864
900004865
900004866
900004867
900004868
900004869
900004870
900004871
900004872
900004873
900004874
900004875
900004876
900004877
900004878
900004879
900004880
900004881
900004882
900004883
900004884
900004885
900004886
900004887
900004888
900004889
900004890
900004891
900004892
900004893
900004894
900004895
900004896
900004897
900004898
900004899
900004900
900004901
900004902
900004903
900004904
900004905
900004906
900004907
900004908
900004909
900004910
900004911
900004912
900004913
900004914
900004915
900004916
900004917
900004918
900004919
900004920
900004921
900004922
900004923
900004924
900004925
900004926
900004927
900004928
900004929
900004930
900004931
900004932
900004933
900004934
900004935
900004936
900004937
900004938
900004939
900004940
900004941
900004942
900004943
900004944
900004945
900004946
900004947
900004948
900004949
900004950
900004951
900004952
900004953
900004954
900004955
900004956
900004957
900004958
900004959
900004960
900004961
900004962
900004963
900004964
900004965
900004966
900004967
900004968
900004969
900004970
900004971
900004972
900004973
900004974
900004975
900004976
900004977
900004978
900004979
900004980
900004981
900004982
900004983
900004984
900004985
900004986
900004987
900004988
900004989
900004990
900004991
900004992
900004993
900004994
900004995
900004996
900004997
900004998
900004999
900005000
900005001
900005002
900005003
900005004
900005005
900005006
900005007
900005008
900005009
900005010
900005011
900005012
900005013
900005014
900005015
900005016
900005017
900005018
900005019
900005020
900005021
900005022
900005023
900005024
900005025
900005026
900005027
900005028
900005029
900005030
900005031
900005032
900005033
900005034
900005035
900005036
900005037
900005038
900005039
900005040
900005041
900005042
900005043
900005044
900005045
900005046
900005047
900005048
900005049
900005050
900005051
900005052
900005053
900005054
900005055
900005056
900005057
900005058
900005059
900005060
900005061
900005062
900005063
900005064
900005065
900005066
900005067
900005068
900005069
900005070
900005071
900005072
900005073
900005074
900005075
900005076
900005077
900005078
900005079
900005080
900005081
900005082
900005083
900005084
900005085
900005086
900005087
900005088
900005089
900005090
900005091
900005092
900005093
900005094
900005095
900005096
900005097
900005098
900005099
900005100
900005101
900005102
900005103
900005104
900005105
900005106
900005107
900005108
900005109
900005110
900005111
900005112
900005113
900005114
900005115
900005116
900005117
900005118
900005119
900005120
900005121
900005122
900005123
900005124
900005125
900005126
900005127
900005128
900005129
900005130
900005131
900005132
900005133
900005134
900005135
900005136
900005137
900005138
900005139
900005140
900005141
900005142
900005143
900005144
900005145
900005146
900005147
900005148
900005149
900005150
900005151
900005152
900005153
900005154
900005155
900005156
900005157
900005158
900005159
900005160
900005161
900005162
900005163
900005164
900005165
900005166
900005167
900005168
900005169
900005170
900005171
900005172
900005173
900005174
900005175
900005176
900005177
900005178
900005179
900005180
900005181
900005182
900005183
900005184
900005185
900005186
900005187
900005188
900005189
900005190
900005191
900005192
900005193
900005194
900005195
900005196
900005197
900005198
900005199
900005200
900005201
900005202
900005203
900005204
900005205
900005206
900005207
900005208
900005209
900005210
900005211
900005212
900005213
900005214
900005215
900005216
900005217
900005218
900005219
900005220
900005221
900005222
900005223
900005224
900005225
900005226
900005227
900005228
900005229
900005230
900005231
900005232
900005233
900005234
900005235
900005236
900005237
900005238
900005239
900005240
900005241
900005242
900005243
900005244
900005245
900005246
900005247
900005248
900005249
900005250
900005251
900005252
900005253
900005254
900005255
900005256
900005257
900005258
900005259
900005260
900005261
900005262
900005263
900005264
900005265
900005266
900005267
900005268
900005269
900005270
900005271
900005272
900005273
900005274
900005275
900005276
900005277
900005278
900005279
900005280
900005281
900005282
900005283
900005284
900005285
900005286
900005287
900005288
900005289
900005290
900005291
900005292
900005293
900005294
900005295
900005296
900005297
900005298
900005299
900005300
900005301
900005302
900005303
900005304
900005305
900005306
900005307
900005308
900005309
900005310
900005311
900005312
900005313
900005314
900005315
900005316
900005317
900005318
900005319
900005320
900005321
900005322
900005323
900005324
900005325
900005326
900005327
900005328
900005329
900005330
900005331
900005332
900005333
900005334
900005335
900005336
900005337
900005338
900005339
900005340
900005341
900005342
900005343
900005344
900005345
900005346
900005347
900005348
900005349
900005350
900005351
900005352
900005353
900005354
900005355
900005356
900005357
900005358
900005359
900005360
900005361
900005362
900005363
900005364
900005365
900005366
900005367
900005368
900005369
900005370
900005371
900005372
900005373
900005374
900005375
900005376
900005377
900005378
900005379
900005380
900005381
900005382
900005383
900005384
900005385
900005386
900005387
900005388
900005389
900005390
900005391
900005392
900005393
900005394
900005395
900005396
900005397
900005398
900005399
900005400
900005401
900005402
900005403
900005404
900005405
900005406
900005407
900005408
900005409
900005410
900005411
900005412
900005413
900005414
900005415
900005416
900005417
900005418
900005419
900005420
900005421
900005422
900005423
900005424
900005425
900005426
900005427
900005428
900005429
900005430
900005431
900005432
900005433
900005434
900005435
900005436
900005437
900005438
900005439
900005440
900005441
900005442
900005443
900005444
900005445
900005446
900005447
900005448
900005449
900005450
900005451
900005452
900005453
900005454
900005455
900005456
900005457
900005458
900005459
900005460
900005461
900005462
900005463
900005464
900005465
900005466
900005467
900005468
900005469
900005470
900005471
900005472
900005473
900005474
900005475
900005476
900005477
900005478
900005479
900005480
900005481
900005482
900005483
900005484
900005485
900005486
900005487
900005488
900005489
900005490
900005491
900005492
900005493
900005494
900005495
900005496
900005497
900005498
900005499
900005500
900005501
900005502
900005503
900005504
900005505
900005506
900005507
900005508
900005509
900005510
900005511
900005512
900005513
900005514
900005515
900005516
900005517
900005518
900005519
900005520
900005521
900005522
900005523
900005524
900005525
900005526
900005527
900005528
900005529
900005530
900005531
900005532
900005533
900005534
900005535
900005536
900005537
900005538
900005539
900005540
900005541
900005542
900005543
900005544
900005545
900005546
900005547
900005548
900005549
900005550
900005551
900005552
900005553
900005554
900005555
900005556
900005557
900005558
900005559
900005560
900005561
900005562
900005563
900005564
900005565
900005566
900005567
900005568
900005569
900005570
900005571
900005572
900005573
900005574
900005575
900005576
900005577
900005578
900005579
900005580
900005581
900005582
900005583
900005584
900005585
900005586
900005587
900005588
900005589
900005590
900005591
900005592
900005593
900005594
900005595
900005596
900005597
900005598
900005599
900005600
900005601
900005602
900005603
900005604
900005605
900005606
900005607
900005608
900005609
900005610
900005611
900005612
900005613
900005614
900005615
900005616
900005617
900005618
900005619
900005620
900005621
900005622
900005623
900005624
900005625
900005626
900005627
900005628
900005629
900005630
900005631
900005632
900005633
900005634
900005635
900005636
900005637
900005638
900005639
900005640
900005641
900005642
900005643
900005644
900005645
900005646
900005647
900005648
900005649
900005650
900005651
900005652
900005653
900005654
900005655
900005656
900005657
900005658
900005659
900005660
900005661
900005662
900005663
900005664
900005665
900005666
900005667
900005668
900005669
900005670
900005671
900005672
900005673
900005674
900005675
900005676
900005677
900005678
900005679
900005680
900005681
900005682
900005683
900005684
900005685
900005686
900005687
900005688
900005689
900005690
900005691
900005692
900005693
900005694
900005695
900005696
900005697
900005698
900005699
900005700
900005701
900005702
900005703
900005704
900005705
900005706
900005707
900005708
900005709
900005710
900005711
900005712
900005713
900005714
900005715
900005716
900005717
900005718
900005719
900005720
900005721
900005722
900005723
900005724
900005725
900005726
900005727
900005728
900005729
900005730
900005731
900005732
900005733
900005734
900005735
900005736
900005737
900005738
900005739
900005740
900005741
900005742
900005743
900005744
900005745
900005746
900005747
900005748
900005749
900005750
900005751
900005752
900005753
900005754
900005755
900005756
900005757
900005758
900005759
900005760
900005761
900005762
900005763
900005764
900005765
900005766
900005767
900005768
900005769
900005770
900005771
900005772
900005773
900005774
900005775
900005776
900005777
900005778
900005779
900005780
900005781
900005782
900005783
900005784
900005785
900005786
900005787
900005788
900005789
900005790
900005791
900005792
900005793
900005794
900005795
900005796
900005797
900005798
900005799
900005800
900005801
900005802
900005803
900005804
900005805
900005806
900005807
900005808
900005809
900005810
900005811
900005812
900005813
900005814
900005815
900005816
900005817
900005818
900005819
900005820
900005821
900005822
900005823
900005824
900005825
900005826
900005827
900005828
900005829
900005830
900005831
900005832
900005833
900005834
900005835
900005836
900005837
900005838
900005839
900005840
900005841
900005842
900005843
900005844
900005845
900005846
900005847
900005848
900005849
900005850
900005851
900005852
900005853
900005854
900005855
900005856
900005857
900005858
900005859
900005860
900005861
900005862
900005863
900005864
900005865
900005866
900005867
900005868
900005869
900005870
900005871
900005872
900005873
900005874
900005875
900005876
900005877
900005878
900005879
900005880
900005881
900005882
900005883
900005884
900005885
900005886
900005887
900005888
900005889
900005890
900005891
900005892
900005893
900005894
900005895
900005896
900005897
900005898
900005899
900005900
900005901
900005902
900005903
900005904
900005905
900005906
900005907
900005908
900005909
900005910
900005911
900005912
900005913
900005914
900005915
900005916
900005917
900005918
900005919
900005920
900005921
900005922
900005923
900005924
900005925
900005926
900005927
900005928
900005929
900005930
900005931
900005932
900005933
900005934
900005935
900005936
900005937
900005938
900005939
900005940
900005941
900005942
900005943
900005944
900005945
900005946
900005947
900005948
900005949
900005950
900005951
900005952
900005953
900005954
900005955
900005956
900005957
900005958
900005959
900005960
900005961
900005962
900005963
900005964
900005965
900005966
900005967
900005968
900005969
900005970
900005971
900005972
900005973
900005974
900005975
900005976
900005977
900005978
900005979
900005980
900005981
900005982
900005983
900005984
900005985
900005986
900005987
900005988
900005989
900005990
900005991
900005992
900005993
900005994
900005995
900005996
900005997
900005998
900005999
900006000
900006001
900006002
900006003
900006004
900006005
900006006
900006007
900006008
900006009
900006010
900006011
900006012
900006013
900006014
900006015
900006016
900006017
900006018
900006019
900006020
900006021
900006022
900006023
900006024
900006025
900006026
900006027
900006028
900006029
900006030
900006031
900006032
900006033
900006034
900006035
900006036
900006037
900006038
900006039
900006040
900006041
900006042
900006043
900006044
900006045
900006046
900006047
900006048
900006049
900006050
900006051
900006052
900006053
900006054
900006055
900006056
900006057
900006058
900006059
900006060
900006061
900006062
900006063
900006064
900006065
900006066
900006067
900006068
900006069
900006070
900006071
900006072
900006073
900006074
900006075
900006076
900006077
900006078
900006079
900006080
900006081
900006082
900006083
900006084
900006085
900006086
900006087
900006088
900006089
900006090
900006091
900006092
900006093
900006094
900006095
900006096
900006097
900006098
900006099
900006100
900006101
900006102
900006103
900006104
900006105
900006106
900006107
900006108
900006109
900006110
900006111
900006112
900006113
900006114
900006115
900006116
900006117
900006118
900006119
900006120
900006121
900006122
900006123
900006124
900006125
900006126
900006127
900006128
900006129
900006130
900006131
900006132
900006133
900006134
900006135
900006136
900006137
900006138
900006139
900006140
900006141
900006142
900006143
900006144
900006145
900006146
900006147
900006148
900006149
900006150
900006151
900006152
900006153
900006154
900006155
900006156
900006157
900006158
900006159
900006160
900006161
900006162
900006163
900006164
900006165
900006166
900006167
900006168
900006169
900006170
900006171
900006172
900006173
900006174
900006175
900006176
900006177
900006178
900006179
900006180
900006181
900006182
900006183
900006184
900006185
900006186
900006187
900006188
900006189
900006190
900006191
900006192
900006193
900006194
900006195
900006196
900006197
900006198
900006199
900006200
900006201
900006202
900006203
900006204
900006205
900006206
900006207
900006208
900006209
900006210
900006211
900006212
900006213
900006214
900006215
900006216
900006217
900006218
900006219
900006220
900006221
900006222
900006223
900006224
900006225
900006226
900006227
900006228
900006229
900006230
900006231
900006232
900006233
900006234
900006235
900006236
900006237
900006238
900006239
900006240
900006241
900006242
900006243
900006244
900006245
900006246
900006247
900006248
900006249
900006250
900006251
900006252
900006253
900006254
900006255
900006256
900006257
900006258
900006259
900006260
900006261
900006262
900006263
900006264
900006265
900006266
900006267
900006268
900006269
900006270
900006271
900006272
900006273
900006274
900006275
900006276
900006277
900006278
900006279
900006280
900006281
900006282
900006283
900006284
900006285
900006286
900006287
900006288
900006289
900006290
900006291
900006292
900006293
900006294
900006295
900006296
900006297
900006298
900006299
900006300
900006301
900006302
900006303
900006304
900006305
900006306
900006307
900006308
900006309
900006310
900006311
900006312
900006313
900006314
900006315
900006316
900006317
900006318
900006319
900006320
900006321
900006322
900006323
900006324
900006325
900006326
900006327
900006328
900006329
900006330
900006331
900006332
900006333
900006334
900006335
900006336
900006337
900006338
900006339
900006340
900006341
900006342
900006343
900006344
900006345
900006346
900006347
900006348
900006349
900006350
900006351
900006352
900006353
900006354
900006355
900006356
900006357
900006358
900006359
900006360
900006361
900006362
900006363
900006364
900006365
900006366
900006367
900006368
900006369
900006370
900006371
900006372
900006373
900006374
900006375
900006376
900006377
900006378
900006379
900006380
900006381
900006382
900006383
900006384
900006385
900006386
900006387
900006388
900006389
900006390
900006391
900006392
900006393
900006394
900006395
900006396
900006397
900006398
900006399
900006400
900006401
900006402
900006403
900006404
900006405
900006406
900006407
900006408
900006409
900006410
900006411
900006412
900006413
900006414
900006415
900006416
900006417
900006418
900006419
900006420
900006421
900006422
900006423
900006424
900006425
900006426
900006427
900006428
900006429
900006430
900006431
900006432
900006433
900006434
900006435
900006436
900006437
900006438
900006439
900006440
900006441
900006442
900006443
900006444
900006445
900006446
900006447
900006448
900006449
900006450
900006451
900006452
900006453
900006454
900006455
900006456
900006457
900006458
900006459
900006460
900006461
900006462
900006463
900006464
900006465
900006466
900006467
900006468
900006469
900006470
900006471
900006472
900006473
900006474
900006475
900006476
900006477
900006478
900006479
900006480
900006481
900006482
900006483
900006484
900006485
900006486
900006487
900006488
900006489
900006490
900006491
900006492
900006493
900006494
900006495
900006496
900006497
900006498
900006499
900006500
900006501
900006502
900006503
900006504
900006505
900006506
900006507
900006508
900006509
900006510
900006511
900006512
900006513
900006514
900006515
900006516
900006517
900006518
900006519
900006520
900006521
900006522
900006523
900006524
900006525
900006526
900006527
900006528
900006529
900006530
900006531
900006532
900006533
900006534
900006535
900006536
900006537
900006538
900006539
900006540
900006541
900006542
900006543
900006544
900006545
900006546
900006547
900006548
900006549
900006550
900006551
900006552
900006553
900006554
900006555
900006556
900006557
900006558
900006559
900006560
900006561
900006562
900006563
900006564
900006565
900006566
900006567
900006568
900006569
900006570
900006571
900006572
900006573
900006574
900006575
900006576
900006577
900006578
900006579
900006580
900006581
900006582
900006583
900006584
900006585
900006586
900006587
900006588
900006589
900006590
900006591
900006592
900006593
900006594
900006595
900006596
900006597
900006598
900006599
900006600
900006601
900006602
900006603
900006604
900006605
900006606
900006607
900006608
900006609
900006610
900006611
900006612
900006613
900006614
900006615
900006616
900006617
900006618
900006619
900006620
900006621
900006622
900006623
900006624
900006625
900006626
900006627
900006628
900006629
900006630
900006631
900006632
900006633
900006634
900006635
900006636
900006637
900006638
900006639
900006640
900006641
900006642
900006643
900006644
900006645
900006646
900006647
900006648
900006649
900006650
900006651
900006652
900006653
900006654
900006655
900006656
900006657
900006658
900006659
900006660
900006661
900006662
900006663
900006664
900006665
900006666
900006667
900006668
900006669
900006670
900006671
900006672
900006673
900006674
900006675
900006676
900006677
900006678
900006679
900006680
900006681
900006682
900006683
900006684
900006685
900006686
900006687
900006688
900006689
900006690
900006691
900006692
900006693
900006694
900006695
900006696
900006697
900006698
900006699
900006700
900006701
900006702
900006703
900006704
900006705
900006706
900006707
900006708
900006709
900006710
900006711
900006712
900006713
900006714
900006715
900006716
900006717
900006718
900006719
900006720
900006721
900006722
900006723
900006724
900006725
900006726
900006727
900006728
900006729
900006730
900006731
900006732
900006733
900006734
900006735
900006736
900006737
900006738
900006739
900006740
900006741
900006742
900006743
900006744
900006745
900006746
900006747
900006748
900006749
900006750
900006751
900006752
900006753
900006754
900006755
900006756
900006757
900006758
900006759
900006760
900006761
900006762
900006763
900006764
900006765
900006766
900006767
900006768
900006769
900006770
900006771
900006772
900006773
900006774
900006775
900006776
900006777
900006778
900006779
900006780
900006781
900006782
900006783
900006784
900006785
900006786
900006787
900006788
900006789
900006790
900006791
900006792
900006793
900006794
900006795
900006796
900006797
900006798
900006799
900006800
900006801
900006802
900006803
900006804
900006805
900006806
900006807
900006808
900006809
900006810
900006811
900006812
900006813
900006814
900006815
900006816
900006817
900006818
900006819
900006820
900006821
900006822
900006823
900006824
900006825
900006826
900006827
900006828
900006829
900006830
900006831
900006832
900006833
900006834
900006835
900006836
900006837
900006838
900006839
900006840
900006841
900006842
900006843
900006844
900006845
900006846
900006847
900006848
900006849
900006850
900006851
900006852
900006853
900006854
900006855
900006856
900006857
900006858
900006859
900006860
900006861
900006862
900006863
900006864
900006865
900006866
900006867
900006868
900006869
900006870
900006871
900006872
900006873
900006874
900006875
900006876
900006877
900006878
900006879
900006880
900006881
900006882
900006883
900006884
900006885
900006886
900006887
900006888
900006889
900006890
900006891
900006892
900006893
900006894
900006895
900006896
900006897
900006898
900006899
900006900
900006901
900006902
900006903
900006904
900006905
900006906
900006907
900006908
900006909
900006910
900006911
900006912
900006913
900006914
900006915
900006916
900006917
900006918
900006919
900006920
900006921
900006922
900006923
900006924
900006925
900006926
900006927
900006928
900006929
900006930
900006931
900006932
900006933
900006934
900006935
900006936
900006937
900006938
900006939
900006940
900006941
900006942
900006943
900006944
900006945
900006946
900006947
900006948
900006949
900006950
900006951
900006952
900006953
900006954
900006955
900006956
900006957
900006958
900006959
900006960
900006961
900006962
900006963
900006964
900006965
900006966
900006967
900006968
900006969
900006970
900006971
900006972
900006973
900006974
900006975
900006976
900006977
900006978
900006979
900006980
900006981
900006982
900006983
900006984
900006985
900006986
900006987
900006988
900006989
900006990
900006991
900006992
900006993
900006994
900006995
900006996
900006997
900006998
900006999
900007000
900007001
900007002
900007003
900007004
900007005
900007006
900007007
900007008
900007009
900007010
900007011
900007012
900007013
900007014
900007015
900007016
900007017
900007018
900007019
900007020
900007021
900007022
900007023
900007024
900007025
900007026
900007027
900007028
900007029
900007030
900007031
900007032
900007033
900007034
900007035
900007036
900007037
900007038
900007039
900007040
900007041
900007042
900007043
900007044
900007045
900007046
900007047
900007048
900007049
900007050
900007051
900007052
900007053
900007054
900007055
900007056
900007057
900007058
900007059
900007060
900007061
900007062
900007063
900007064
900007065
900007066
900007067
900007068
900007069
900007070
900007071
900007072
900007073
900007074
900007075
900007076
900007077
900007078
900007079
900007080
900007081
900007082
900007083
900007084
900007085
900007086
900007087
900007088
900007089
900007090
900007091
900007092
900007093
900007094
900007095
900007096
900007097
900007098
900007099
900007100
900007101
900007102
900007103
900007104
900007105
900007106
900007107
900007108
900007109
900007110
900007111
900007112
900007113
900007114
900007115
900007116
900007117
900007118
900007119
900007120
900007121
900007122
900007123
900007124
900007125
900007126
900007127
900007128
900007129
900007130
900007131
900007132
900007133
900007134
900007135
900007136
900007137
900007138
900007139
900007140
900007141
900007142
900007143
900007144
900007145
900007146
900007147
900007148
900007149
900007150
900007151
900007152
900007153
900007154
900007155
900007156
900007157
900007158
900007159
900007160
900007161
900007162
900007163
900007164
900007165
900007166
900007167
900007168
900007169
900007170
900007171
900007172
900007173
900007174
900007175
900007176
900007177
900007178
900007179
900007180
900007181
900007182
900007183
900007184
900007185
900007186
900007187
900007188
900007189
900007190
900007191
900007192
900007193
900007194
900007195
900007196
900007197
900007198
900007199
900007200
900007201
900007202
900007203
900007204
900007205
900007206
900007207
900007208
900007209
900007210
900007211
900007212
900007213
900007214
900007215
900007216
900007217
900007218
900007219
900007220
900007221
900007222
900007223
900007224
900007225
900007226
900007227
900007228
900007229
900007230
900007231
900007232
900007233
900007234
900007235
900007236
900007237
900007238
900007239
900007240
900007241
900007242
900007243
900007244
900007245
900007246
900007247
900007248
900007249
900007250
900007251
900007252
900007253
900007254
900007255
900007256
900007257
900007258
900007259
900007260
900007261
900007262
900007263
900007264
900007265
900007266
900007267
900007268
900007269
900007270
900007271
900007272
900007273
900007274
900007275
900007276
900007277
900007278
900007279
900007280
900007281
900007282
900007283
900007284
900007285
900007286
900007287
900007288
900007289
900007290
900007291
900007292
900007293
900007294
900007295
900007296
900007297
900007298
900007299
900007300
900007301
900007302
900007303
900007304
900007305
900007306
900007307
900007308
900007309
900007310
900007311
900007312
900007313
900007314
900007315
900007316
900007317
900007318
900007319
900007320
900007321
900007322
900007323
900007324
900007325
900007326
900007327
900007328
900007329
900007330
900007331
900007332
900007333
900007334
900007335
900007336
900007337
900007338
900007339
900007340
900007341
900007342
900007343
900007344
900007345
900007346
900007347
900007348
900007349
900007350
900007351
900007352
900007353
900007354
900007355
900007356
900007357
900007358
900007359
900007360
900007361
900007362
900007363
900007364
900007365
900007366
900007367
900007368
900007369
900007370
900007371
900007372
900007373
900007374
900007375
900007376
900007377
900007378
900007379
900007380
900007381
900007382
900007383
900007384
900007385
900007386
900007387
900007388
900007389
900007390
900007391
900007392
900007393
900007394
900007395
900007396
900007397
900007398
900007399
900007400
900007401
900007402
900007403
900007404
900007405
900007406
900007407
900007408
900007409
900007410
900007411
900007412
900007413
900007414
900007415
900007416
900007417
900007418
900007419
900007420
900007421
900007422
900007423
900007424
900007425
900007426
900007427
900007428
900007429
900007430
900007431
900007432
900007433
900007434
900007435
900007436
900007437
900007438
900007439
900007440
900007441
900007442
900007443
900007444
900007445
900007446
900007447
900007448
900007449
900007450
900007451
900007452
900007453
900007454
900007455
900007456
900007457
900007458
900007459
900007460
900007461
900007462
900007463
900007464
900007465
900007466
900007467
900007468
900007469
900007470
900007471
900007472
900007473
900007474
900007475
900007476
900007477
900007478
900007479
900007480
900007481
900007482
900007483
900007484
900007485
900007486
900007487
900007488
900007489
900007490
900007491
900007492
900007493
900007494
900007495
900007496
900007497
900007498
900007499
900007500
900007501
900007502
900007503
900007504
900007505
900007506
900007507
900007508
900007509
900007510
900007511
900007512
900007513
900007514
900007515
900007516
900007517
900007518
900007519
900007520
900007521
900007522
900007523
900007524
900007525
900007526
900007527
900007528
900007529
900007530
900007531
900007532
900007533
900007534
900007535
900007536
900007537
900007538
900007539
900007540
900007541
900007542
900007543
900007544
900007545
900007546
900007547
900007548
900007549
900007550
900007551
900007552
900007553
900007554
900007555
900007556
900007557
900007558
900007559
900007560
900007561
900007562
900007563
900007564
900007565
900007566
900007567
900007568
900007569
900007570
900007571
900007572
900007573
900007574
900007575
900007576
900007577
900007578
900007579
900007580
900007581
900007582
900007583
900007584
900007585
900007586
900007587
900007588
900007589
900007590
900007591
900007592
900007593
900007594
900007595
900007596
900007597
900007598
900007599
900007600
900007601
900007602
900007603
900007604
900007605
900007606
900007607
900007608
900007609
900007610
900007611
900007612
900007613
900007614
900007615
900007616
900007617
900007618
900007619
900007620
900007621
900007622
900007623
900007624
900007625
900007626
900007627
900007628
900007629
900007630
900007631
900007632
900007633
900007634
900007635
900007636
900007637
900007638
900007639
900007640
900007641
900007642
900007643
900007644
900007645
900007646
900007647
900007648
900007649
900007650
900007651
900007652
900007653
900007654
900007655
900007656
900007657
900007658
900007659
900007660
900007661
900007662
900007663
900007664
900007665
900007666
900007667
900007668
900007669
900007670
900007671
900007672
900007673
900007674
900007675
900007676
900007677
900007678
900007679
900007680
900007681
900007682
900007683
900007684
900007685
900007686
900007687
900007688
900007689
900007690
900007691
900007692
900007693
900007694
900007695
900007696
900007697
900007698
900007699
900007700
900007701
900007702
900007703
900007704
900007705
900007706
900007707
900007708
900007709
900007710
900007711
900007712
900007713
900007714
900007715
900007716
900007717
900007718
900007719
900007720
900007721
900007722
900007723
900007724
900007725
900007726
900007727
900007728
900007729
900007730
900007731
900007732
900007733
900007734
900007735
900007736
900007737
900007738
900007739
900007740
900007741
900007742
900007743
900007744
900007745
900007746
900007747
900007748
900007749
900007750
900007751
900007752
900007753
900007754
900007755
900007756
900007757
900007758
900007759
900007760
900007761
900007762
900007763
900007764
900007765
900007766
900007767
900007768
900007769
900007770
900007771
900007772
900007773
900007774
900007775
900007776
900007777
900007778
900007779
900007780
900007781
900007782
900007783
900007784
900007785
900007786
900007787
900007788
900007789
900007790
900007791
900007792
900007793
900007794
900007795
900007796
900007797
900007798
900007799
900007800
900007801
900007802
900007803
900007804
900007805
900007806
900007807
900007808
900007809
900007810
900007811
900007812
900007813
900007814
900007815
900007816
900007817
900007818
900007819
900007820
900007821
900007822
900007823
900007824
900007825
900007826
900007827
900007828
900007829
900007830
900007831
900007832
900007833
900007834
900007835
900007836
900007837
900007838
900007839
900007840
900007841
900007842
900007843
900007844
900007845
900007846
900007847
900007848
900007849
900007850
900007851
900007852
900007853
900007854
900007855
900007856
900007857
900007858
900007859
900007860
900007861
900007862
900007863
900007864
900007865
900007866
900007867
900007868
900007869
900007870
900007871
900007872
900007873
900007874
900007875
900007876
900007877
900007878
900007879
900007880
900007881
900007882
900007883
900007884
900007885
900007886
900007887
900007888
900007889
900007890
900007891
900007892
900007893
900007894
900007895
900007896
900007897
900007898
900007899
900007900
900007901
900007902
900007903
900007904
900007905
900007906
900007907
900007908
900007909
900007910
900007911
900007912
900007913
900007914
900007915
900007916
900007917
900007918
900007919
900007920
900007921
900007922
900007923
900007924
900007925
900007926
900007927
900007928
900007929
900007930
900007931
900007932
900007933
900007934
900007935
900007936
900007937
900007938
900007939
900007940
900007941
900007942
900007943
900007944
900007945
900007946
900007947
900007948
900007949
900007950
900007951
900007952
900007953
900007954
900007955
900007956
900007957
900007958
900007959
900007960
900007961
900007962
900007963
900007964
900007965
900007966
900007967
900007968
900007969
900007970
900007971
900007972
900007973
900007974
900007975
900007976
900007977
900007978
900007979
900007980
900007981
900007982
900007983
900007984
900007985
900007986
900007987
900007988
900007989
900007990
900007991
900007992
900007993
900007994
900007995
900007996
900007997
900007998
900007999
900008000
900008001
900008002
900008003
900008004
900008005
900008006
900008007
900008008
900008009
900008010
900008011
900008012
900008013
900008014
900008015
900008016
900008017
900008018
900008019
900008020
900008021
900008022
900008023
900008024
900008025
900008026
900008027
900008028
900008029
900008030
900008031
900008032
900008033
900008034
900008035
900008036
900008037
900008038
900008039
900008040
900008041
900008042
900008043
900008044
900008045
900008046
900008047
900008048
900008049
900008050
900008051
900008052
900008053
900008054
900008055
900008056
900008057
900008058
900008059
900008060
900008061
900008062
900008063
900008064
900008065
900008066
900008067
900008068
900008069
900008070
900008071
900008072
900008073
900008074
900008075
900008076
900008077
900008078
900008079
900008080
900008081
900008082
900008083
900008084
900008085
900008086
900008087
900008088
900008089
900008090
900008091
900008092
900008093
900008094
900008095
900008096
900008097
900008098
900008099
900008100
900008101
900008102
900008103
900008104
900008105
900008106
900008107
900008108
900008109
900008110
900008111
900008112
900008113
900008114
900008115
900008116
900008117
900008118
900008119
900008120
900008121
900008122
900008123
900008124
900008125
900008126
900008127
900008128
900008129
900008130
900008131
900008132
900008133
900008134
900008135
900008136
900008137
900008138
900008139
900008140
900008141
900008142
900008143
900008144
900008145
900008146
900008147
900008148
900008149
900008150
900008151
900008152
900008153
900008154
900008155
900008156
900008157
900008158
900008159
900008160
900008161
900008162
900008163
900008164
900008165
900008166
900008167
900008168
900008169
900008170
900008171
900008172
900008173
900008174
900008175
900008176
900008177
900008178
900008179
900008180
900008181
900008182
900008183
900008184
900008185
900008186
900008187
900008188
900008189
900008190
900008191
900008192
900008193
900008194
900008195
900008196
900008197
900008198
900008199
900008200
900008201
900008202
900008203
900008204
900008205
900008206
900008207
900008208
900008209
900008210
900008211
900008212
900008213
900008214
900008215
900008216
900008217
900008218
900008219
900008220
900008221
900008222
900008223
900008224
900008225
900008226
900008227
900008228
900008229
900008230
900008231
900008232
900008233
900008234
900008235
900008236
900008237
900008238
900008239
900008240
900008241
900008242
900008243
900008244
900008245
900008246
900008247
900008248
900008249
900008250
900008251
900008252
900008253
900008254
900008255
900008256
900008257
900008258
900008259
900008260
900008261
900008262
900008263
900008264
900008265
900008266
900008267
900008268
900008269
900008270
900008271
900008272
900008273
900008274
900008275
900008276
900008277
900008278
900008279
900008280
900008281
900008282
900008283
900008284
900008285
900008286
900008287
900008288
900008289
900008290
900008291
900008292
900008293
900008294
900008295
900008296
900008297
900008298
900008299
900008300
900008301
900008302
900008303
900008304
900008305
900008306
900008307
900008308
900008309
900008310
900008311
900008312
900008313
900008314
900008315
900008316
900008317
900008318
900008319
900008320
900008321
900008322
900008323
900008324
900008325
900008326
900008327
900008328
900008329
900008330
900008331
900008332
900008333
900008334
900008335
900008336
900008337
900008338
900008339
900008340
900008341
900008342
900008343
900008344
900008345
900008346
900008347
900008348
900008349
900008350
900008351
900008352
900008353
900008354
900008355
900008356
900008357
900008358
900008359
900008360
900008361
900008362
900008363
900008364
900008365
900008366
900008367
900008368
900008369
900008370
900008371
900008372
900008373
900008374
900008375
900008376
900008377
900008378
900008379
900008380
900008381
900008382
900008383
900008384
900008385
900008386
900008387
900008388
900008389
900008390
900008391
900008392
900008393
900008394
900008395
900008396
900008397
900008398
900008399
900008400
900008401
900008402
900008403
900008404
900008405
900008406
900008407
900008408
900008409
900008410
900008411
900008412
900008413
900008414
900008415
900008416
900008417
900008418
900008419
900008420
900008421
900008422
900008423
900008424
900008425
900008426
900008427
900008428
900008429
900008430
900008431
900008432
900008433
900008434
900008435
900008436
900008437
900008438
900008439
900008440
900008441
900008442
900008443
900008444
900008445
900008446
900008447
900008448
900008449
900008450
900008451
900008452
900008453
900008454
900008455
900008456
900008457
900008458
900008459
900008460
900008461
900008462
900008463
900008464
900008465
900008466
900008467
900008468
900008469
900008470
900008471
900008472
900008473
900008474
900008475
900008476
900008477
900008478
900008479
900008480
900008481
900008482
900008483
900008484
900008485
900008486
900008487
900008488
900008489
900008490
900008491
900008492
900008493
900008494
900008495
900008496
900008497
900008498
900008499
900008500
900008501
900008502
900008503
900008504
900008505
900008506
900008507
900008508
900008509
900008510
900008511
900008512
900008513
900008514
900008515
900008516
900008517
900008518
900008519
900008520
900008521
900008522
900008523
900008524
900008525
900008526
900008527
900008528
