900000000
900000001
900000002
900000003
900000004
900000005
900000006
900000007
900000008
900000009
900000010
900000011
900000012
900000013
900000014
900000015
900000016
900000017
900000018
900000019
900000020
900000021
900000022
900000023
900000024
900000025
900000026
900000027
900000028
900000029
900000030
900000031
900000032
900000033
900000034
900000035
900000036
900000037
900000038
900000039
900000040
900000041
900000042
900000043
900000044
900000045
900000046
900000047
900000048
900000049
900000050
900000051
900000052
900000053
900000054
900000055
900000056
900000057
900000058
900000059
900000060
900000061
900000062
900000063
900000064
900000065
900000066
900000067
900000068
900000069
900000070
900000071
900000072
900000073
900000074
900000075
900000076
900000077
900000078
900000079
900000080
900000081
900000082
900000083
900000084
900000085
900000086
900000087
900000088
900000089
900000090
900000091
900000092
900000093
900000094
900000095
900000096
900000097
900000098
900000099
900000100
900000101
900000102
900000103
900000104
900000105
900000106
900000107
900000108
900000109
900000110
900000111
900000112
900000113
900000114
900000115
900000116
900000117
900000118
900000119
900000120
900000121
900000122
900000123
900000124
900000125
900000126
900000127
900000128
900000129
900000130
900000131
900000132
900000133
900000134
900000135
900000136
900000137
900000138
900000139
900000140
900000141
900000142
900000143
900000144
900000145
900000146
900000147
900000148
900000149
900000150
900000151
900000152
900000153
900000154
900000155
900000156
900000157
900000158
900000159
900000160
900000161
900000162
900000163
900000164
900000165
900000166
900000167
900000168
900000169
900000170
900000171
900000172
900000173
900000174
900000175
900000176
900000177
900000178
900000179
900000180
900000181
900000182
900000183
900000184
900000185
900000186
900000187
900000188
900000189
900000190
900000191
900000192
900000193
900000194
900000195
900000196
900000197
900000198
900000199
900000200
900000201
900000202
900000203
900000204
900000205
900000206
900000207
900000208
900000209
900000210
900000211
900000212
900000213
900000214
900000215
900000216
900000217
900000218
900000219
900000220
900000221
900000222
900000223
900000224
900000225
900000226
900000227
900000228
900000229
900000230
900000231
900000232
900000233
900000234
900000235
900000236
900000237
900000238
900000239
900000240
900000241
900000242
900000243
900000244
900000245
900000246
900000247
900000248
900000249
900000250
900000251
900000252
900000253
900000254
900000255
900000256
900000257
900000258
900000259
900000260
900000261
900000262
900000263
900000264
900000265
900000266
900000267
900000268
900000269
900000270
900000271
900000272
900000273
900000274
900000275
900000276
900000277
900000278
900000279
900000280
900000281
900000282
900000283
900000284
900000285
900000286
900000287
900000288
900000289
900000290
900000291
900000292
900000293
900000294
900000295
900000296
900000297
900000298
900000299
900000300
900000301
900000302
900000303
900000304
900000305
900000306
900000307
900000308
900000309
900000310
900000311
900000312
900000313
900000314
900000315
900000316
900000317
900000318
900000319
900000320
900000321
900000322
900000323
900000324
900000325
900000326
900000327
900000328
900000329
900000330
900000331
900000332
900000333
900000334
900000335
900000336
900000337
900000338
900000339
900000340
900000341
900000342
900000343
900000344
900000345
900000346
900000347
900000348
900000349
900000350
900000351
900000352
900000353
900000354
900000355
900000356
900000357
900000358
900000359
900000360
900000361
900000362
900000363
900000364
900000365
900000366
900000367
900000368
900000369
900000370
900000371
900000372
900000373
900000374
900000375
900000376
900000377
900000378
900000379
900000380
900000381
900000382
900000383
900000384
900000385
900000386
900000387
900000388
900000389
900000390
900000391
900000392
900000393
900000394
900000395
900000396
900000397
900000398
900000399
900000400
900000401
900000402
900000403
900000404
900000405
900000406
900000407
900000408
900000409
900000410
900000411
900000412
900000413
900000414
900000415
900000416
900000417
900000418
900000419
900000420
900000421
900000422
900000423
900000424
900000425
900000426
900000427
900000428
900000429
900000430
900000431
900000432
900000433
900000434
900000435
900000436
900000437
900000438
900000439
900000440
900000441
900000442
900000443
900000444
900000445
900000446
900000447
900000448
900000449
900000450
900000451
900000452
900000453
900000454
900000455
900000456
900000457
900000458
900000459
900000460
900000461
900000462
900000463
900000464
900000465
900000466
900000467
900000468
900000469
900000470
900000471
900000472
900000473
900000474
900000475
900000476
900000477
900000478
900000479
900000480
900000481
900000482
900000483
900000484
900000485
900000486
900000487
900000488
900000489
900000490
900000491
900000492
900000493
900000494
900000495
900000496
900000497
900000498
900000499
900000500
900000501
900000502
900000503
900000504
900000505
900000506
900000507
900000508
900000509
900000510
900000511
900000512
900000513
900000514
900000515
900000516
900000517
900000518
900000519
900000520
900000521
900000522
900000523
900000524
900000525
900000526
900000527
900000528
900000529
900000530
900000531
900000532
900000533
900000534
900000535
900000536
900000537
900000538
900000539
900000540
900000541
900000542
900000543
900000544
900000545
900000546
900000547
900000548
900000549
900000550
900000551
900000552
900000553
900000554
900000555
900000556
900000557
900000558
900000559
900000560
900000561
900000562
900000563
900000564
900000565
900000566
900000567
900000568
900000569
900000570
900000571
900000572
900000573
900000574
900000575
900000576
900000577
900000578
900000579
900000580
900000581
900000582
900000583
900000584
900000585
900000586
900000587
900000588
900000589
900000590
900000591
900000592
900000593
900000594
900000595
900000596
900000597
900000598
900000599
900000600
900000601
900000602
900000603
900000604
900000605
900000606
900000607
900000608
900000609
900000610
900000611
900000612
900000613
900000614
900000615
900000616
900000617
900000618
900000619
900000620
900000621
900000622
900000623
900000624
900000625
900000626
900000627
900000628
900000629
900000630
900000631
900000632
900000633
900000634
900000635
900000636
900000637
900000638
900000639
900000640
900000641
900000642
900000643
900000644
900000645
900000646
900000647
900000648
900000649
900000650
900000651
900000652
900000653
900000654
900000655
900000656
900000657
900000658
900000659
900000660
900000661
900000662
900000663
900000664
900000665
900000666
900000667
900000668
900000669
900000670
900000671
900000672
900000673
900000674
900000675
900000676
900000677
900000678
900000679
900000680
900000681
900000682
900000683
900000684
900000685
900000686
900000687
900000688
900000689
900000690
900000691
900000692
900000693
900000694
900000695
900000696
900000697
900000698
900000699
900000700
900000701
900000702
900000703
900000704
900000705
900000706
900000707
900000708
900000709
900000710
900000711
900000712
900000713
900000714
900000715
900000716
900000717
900000718
900000719
900000720
900000721
900000722
900000723
900000724
900000725
900000726
900000727
900000728
900000729
900000730
900000731
900000732
900000733
900000734
900000735
900000736
900000737
900000738
900000739
900000740
900000741
900000742
900000743
900000744
900000745
900000746
900000747
900000748
900000749
900000750
900000751
900000752
900000753
900000754
900000755
900000756
900000757
900000758
900000759
900000760
900000761
900000762
900000763
900000764
900000765
900000766
900000767
900000768
900000769
900000770
900000771
900000772
900000773
900000774
900000775
900000776
900000777
900000778
900000779
900000780
900000781
900000782
900000783
900000784
900000785
900000786
900000787
900000788
900000789
900000790
900000791
900000792
900000793
900000794
900000795
900000796
900000797
900000798
900000799
900000800
900000801
900000802
900000803
900000804
900000805
900000806
900000807
900000808
900000809
900000810
900000811
900000812
900000813
900000814
900000815
900000816
900000817
900000818
900000819
900000820
900000821
900000822
900000823
900000824
900000825
900000826
900000827
900000828
900000829
900000830
900000831
900000832
900000833
900000834
900000835
900000836
900000837
900000838
900000839
900000840
900000841
900000842
900000843
900000844
900000845
900000846
900000847
900000848
900000849
900000850
900000851
900000852
900000853
900000854
900000855
900000856
900000857
900000858
900000859
900000860
900000861
900000862
900000863
900000864
900000865
900000866
900000867
900000868
900000869
900000870
900000871
900000872
900000873
900000874
900000875
900000876
900000877
900000878
900000879
900000880
900000881
900000882
900000883
900000884
900000885
900000886
900000887
900000888
900000889
900000890
900000891
900000892
900000893
900000894
900000895
900000896
900000897
900000898
900000899
900000900
900000901
900000902
900000903
900000904
900000905
900000906
900000907
900000908
900000909
900000910
900000911
900000912
900000913
900000914
900000915
900000916
900000917
900000918
900000919
900000920
900000921
900000922
900000923
900000924
900000925
900000926
900000927
900000928
900000929
900000930
900000931
900000932
900000933
900000934
900000935
900000936
900000937
900000938
900000939
900000940
900000941
900000942
900000943
900000944
900000945
900000946
900000947
900000948
900000949
900000950
900000951
900000952
900000953
900000954
900000955
900000956
900000957
900000958
900000959
900000960
900000961
900000962
900000963
900000964
900000965
900000966
900000967
900000968
900000969
900000970
900000971
900000972
900000973
900000974
900000975
900000976
900000977
900000978
900000979
900000980
900000981
900000982
900000983
900000984
900000985
900000986
900000987
900000988
900000989
900000990
900000991
900000992
900000993
900000994
900000995
900000996
900000997
900000998
900000999
900001000
900001001
900001002
900001003
900001004
900001005
900001006
900001007
900001008
900001009
900001010
900001011
900001012
900001013
900001014
900001015
900001016
900001017
900001018
900001019
900001020
900001021
900001022
900001023
900001024
900001025
900001026
900001027
900001028
900001029
900001030
900001031
900001032
900001033
900001034
900001035
900001036
900001037
900001038
900001039
900001040
900001041
900001042
900001043
900001044
900001045
900001046
900001047
900001048
900001049
900001050
900001051
900001052
900001053
900001054
900001055
900001056
900001057
900001058
900001059
900001060
900001061
900001062
900001063
900001064
900001065
900001066
900001067
900001068
900001069
900001070
900001071
900001072
900001073
900001074
900001075
900001076
900001077
900001078
900001079
900001080
900001081
900001082
900001083
900001084
900001085
900001086
900001087
900001088
900001089
900001090
900001091
900001092
900001093
900001094
900001095
900001096
900001097
900001098
900001099
900001100
900001101
900001102
900001103
900001104
900001105
900001106
900001107
900001108
900001109
900001110
900001111
900001112
900001113
900001114
900001115
900001116
900001117
900001118
900001119
900001120
900001121
900001122
900001123
900001124
900001125
900001126
900001127
900001128
900001129
900001130
900001131
900001132
900001133
900001134
900001135
900001136
900001137
900001138
900001139
900001140
900001141
900001142
900001143
900001144
900001145
900001146
900001147
900001148
900001149
900001150
900001151
900001152
900001153
900001154
900001155
900001156
900001157
900001158
900001159
900001160
900001161
900001162
900001163
900001164
900001165
900001166
900001167
900001168
900001169
900001170
900001171
900001172
900001173
900001174
900001175
900001176
900001177
900001178
900001179
900001180
900001181
900001182
900001183
900001184
900001185
900001186
900001187
900001188
900001189
900001190
900001191
900001192
900001193
900001194
900001195
900001196
900001197
900001198
900001199
900001200
900001201
900001202
900001203
900001204
900001205
900001206
900001207
900001208
900001209
900001210
900001211
900001212
900001213
900001214
900001215
900001216
900001217
900001218
900001219
900001220
900001221
900001222
900001223
900001224
900001225
900001226
900001227
900001228
900001229
900001230
900001231
900001232
900001233
900001234
900001235
900001236
900001237
900001238
900001239
900001240
900001241
900001242
900001243
900001244
900001245
900001246
900001247
900001248
900001249
900001250
900001251
900001252
900001253
900001254
900001255
900001256
900001257
900001258
900001259
900001260
900001261
900001262
900001263
900001264
900001265
900001266
900001267
900001268
900001269
900001270
900001271
900001272
900001273
900001274
900001275
900001276
900001277
900001278
900001279
900001280
900001281
900001282
900001283
900001284
900001285
900001286
900001287
900001288
900001289
900001290
900001291
900001292
900001293
900001294
900001295
900001296
900001297
900001298
900001299
900001300
900001301
900001302
900001303
900001304
900001305
900001306
900001307
900001308
900001309
900001310
900001311
900001312
900001313
900001314
900001315
900001316
900001317
900001318
900001319
900001320
900001321
900001322
900001323
900001324
900001325
900001326
900001327
900001328
900001329
900001330
900001331
900001332
900001333
900001334
900001335
900001336
900001337
900001338
900001339
900001340
900001341
900001342
900001343
900001344
900001345
900001346
900001347
900001348
900001349
900001350
900001351
900001352
900001353
900001354
900001355
900001356
900001357
900001358
900001359
900001360
900001361
900001362
900001363
900001364
900001365
900001366
900001367
900001368
900001369
900001370
900001371
900001372
900001373
900001374
900001375
900001376
900001377
900001378
900001379
900001380
900001381
900001382
900001383
900001384
900001385
900001386
900001387
900001388
900001389
900001390
900001391
900001392
900001393
900001394
900001395
900001396
900001397
900001398
900001399
900001400
900001401
900001402
900001403
900001404
900001405
900001406
900001407
900001408
900001409
900001410
900001411
900001412
900001413
900001414
900001415
900001416
900001417
900001418
900001419
900001420
900001421
900001422
900001423
900001424
900001425
900001426
900001427
900001428
900001429
900001430
900001431
900001432
900001433
900001434
900001435
900001436
900001437
900001438
900001439
900001440
900001441
900001442
900001443
900001444
900001445
900001446
900001447
900001448
900001449
900001450
900001451
900001452
900001453
900001454
900001455
900001456
900001457
900001458
900001459
900001460
900001461
900001462
900001463
900001464
900001465
900001466
900001467
900001468
900001469
900001470
900001471
900001472
900001473
900001474
900001475
900001476
900001477
900001478
900001479
900001480
900001481
900001482
900001483
900001484
900001485
900001486
900001487
900001488
900001489
900001490
900001491
900001492
900001493
900001494
900001495
900001496
900001497
900001498
900001499
900001500
900001501
900001502
900001503
900001504
900001505
900001506
900001507
900001508
900001509
900001510
900001511
900001512
900001513
900001514
900001515
900001516
900001517
900001518
900001519
900001520
900001521
900001522
900001523
900001524
900001525
900001526
900001527
900001528
900001529
900001530
900001531
900001532
900001533
900001534
900001535
900001536
900001537
900001538
900001539
900001540
900001541
900001542
900001543
900001544
900001545
900001546
900001547
900001548
900001549
900001550
900001551
900001552
900001553
900001554
900001555
900001556
900001557
900001558
900001559
900001560
900001561
900001562
900001563
900001564
900001565
900001566
900001567
900001568
900001569
900001570
900001571
900001572
900001573
900001574
900001575
900001576
900001577
900001578
900001579
900001580
900001581
900001582
900001583
900001584
900001585
900001586
900001587
900001588
900001589
900001590
900001591
900001592
900001593
900001594
900001595
900001596
900001597
900001598
900001599
900001600
900001601
900001602
900001603
900001604
900001605
900001606
900001607
900001608
900001609
900001610
900001611
900001612
900001613
900001614
900001615
900001616
900001617
900001618
900001619
900001620
900001621
900001622
900001623
900001624
900001625
900001626
900001627
900001628
900001629
900001630
900001631
900001632
900001633
900001634
900001635
900001636
900001637
900001638
900001639
900001640
900001641
900001642
900001643
900001644
900001645
900001646
900001647
900001648
900001649
900001650
900001651
900001652
900001653
900001654
900001655
900001656
900001657
900001658
900001659
900001660
900001661
900001662
900001663
900001664
900001665
900001666
900001667
900001668
900001669
900001670
900001671
900001672
900001673
900001674
900001675
900001676
900001677
900001678
900001679
900001680
900001681
900001682
900001683
900001684
900001685
900001686
900001687
900001688
900001689
900001690
900001691
900001692
900001693
900001694
900001695
900001696
900001697
900001698
900001699
900001700
900001701
900001702
900001703
900001704
900001705
900001706
900001707
900001708
900001709
900001710
900001711
900001712
900001713
900001714
900001715
900001716
900001717
900001718
900001719
900001720
900001721
900001722
900001723
900001724
900001725
900001726
900001727
900001728
900001729
900001730
900001731
900001732
900001733
900001734
900001735
900001736
900001737
900001738
900001739
900001740
900001741
900001742
900001743
900001744
900001745
900001746
900001747
900001748
900001749
900001750
900001751
900001752
900001753
900001754
900001755
900001756
900001757
900001758
900001759
900001760
900001761
900001762
900001763
900001764
900001765
900001766
900001767
900001768
900001769
900001770
900001771
900001772
900001773
900001774
900001775
900001776
900001777
900001778
900001779
900001780
900001781
900001782
900001783
900001784
900001785
900001786
900001787
900001788
900001789
900001790
900001791
900001792
900001793
900001794
900001795
900001796
900001797
900001798
900001799
900001800
900001801
900001802
900001803
900001804
900001805
900001806
900001807
900001808
900001809
900001810
900001811
900001812
900001813
900001814
900001815
900001816
900001817
900001818
900001819
900001820
900001821
900001822
900001823
900001824
900001825
900001826
900001827
900001828
900001829
900001830
900001831
900001832
900001833
900001834
900001835
900001836
900001837
900001838
900001839
900001840
900001841
900001842
900001843
900001844
900001845
900001846
900001847
900001848
900001849
900001850
900001851
900001852
900001853
900001854
900001855
900001856
900001857
900001858
900001859
900001860
900001861
900001862
900001863
900001864
900001865
900001866
900001867
900001868
900001869
900001870
900001871
900001872
900001873
900001874
900001875
900001876
900001877
900001878
900001879
900001880
900001881
900001882
900001883
900001884
900001885
900001886
900001887
900001888
900001889
900001890
900001891
900001892
900001893
900001894
900001895
900001896
900001897
900001898
900001899
900001900
900001901
900001902
900001903
900001904
900001905
900001906
900001907
900001908
900001909
900001910
900001911
900001912
900001913
900001914
900001915
900001916
900001917
900001918
900001919
900001920
900001921
900001922
900001923
900001924
900001925
900001926
900001927
900001928
900001929
900001930
900001931
900001932
900001933
900001934
900001935
900001936
900001937
900001938
900001939
900001940
900001941
900001942
900001943
900001944
900001945
900001946
900001947
900001948
900001949
900001950
900001951
900001952
900001953
900001954
900001955
900001956
900001957
900001958
900001959
900001960
900001961
900001962
900001963
900001964
900001965
900001966
900001967
900001968
900001969
900001970
900001971
900001972
900001973
900001974
900001975
900001976
900001977
900001978
900001979
900001980
900001981
900001982
900001983
900001984
900001985
900001986
900001987
900001988
900001989
900001990
900001991
900001992
900001993
900001994
900001995
900001996
900001997
900001998
900001999
900002000
900002001
900002002
900002003
900002004
900002005
900002006
900002007
900002008
900002009
900002010
900002011
900002012
900002013
900002014
900002015
900002016
900002017
900002018
900002019
900002020
900002021
900002022
900002023
900002024
900002025
900002026
900002027
900002028
900002029
900002030
900002031
900002032
900002033
900002034
900002035
900002036
900002037
900002038
900002039
900002040
900002041
900002042
900002043
900002044
900002045
900002046
900002047
900002048
900002049
900002050
900002051
900002052
900002053
900002054
900002055
900002056
900002057
900002058
900002059
900002060
900002061
900002062
900002063
900002064
900002065
900002066
900002067
900002068
900002069
900002070
900002071
900002072
900002073
900002074
900002075
900002076
900002077
900002078
900002079
900002080
900002081
900002082
900002083
900002084
900002085
900002086
900002087
900002088
900002089
900002090
900002091
900002092
900002093
900002094
900002095
900002096
900002097
900002098
900002099
900002100
900002101
900002102
900002103
900002104
900002105
900002106
900002107
900002108
900002109
900002110
900002111
900002112
900002113
900002114
900002115
900002116
900002117
900002118
900002119
900002120
900002121
900002122
900002123
900002124
900002125
900002126
900002127
900002128
900002129
900002130
900002131
900002132
900002133
900002134
900002135
900002136
900002137
900002138
900002139
900002140
900002141
900002142
900002143
900002144
900002145
900002146
900002147
900002148
900002149
900002150
900002151
900002152
900002153
900002154
900002155
900002156
900002157
900002158
900002159
900002160
900002161
900002162
900002163
900002164
900002165
900002166
900002167
900002168
900002169
900002170
900002171
900002172
900002173
900002174
900002175
900002176
900002177
900002178
900002179
900002180
900002181
900002182
900002183
900002184
900002185
900002186
900002187
900002188
900002189
900002190
900002191
900002192
900002193
900002194
900002195
900002196
900002197
900002198
900002199
900002200
900002201
900002202
900002203
900002204
900002205
900002206
900002207
900002208
900002209
900002210
900002211
900002212
900002213
900002214
900002215
900002216
900002217
900002218
900002219
900002220
900002221
900002222
900002223
900002224
900002225
900002226
900002227
900002228
900002229
900002230
900002231
900002232
900002233
900002234
900002235
900002236
900002237
900002238
900002239
900002240
900002241
900002242
900002243
900002244
900002245
900002246
900002247
900002248
900002249
900002250
900002251
900002252
900002253
900002254
900002255
900002256
900002257
900002258
900002259
900002260
900002261
900002262
900002263
900002264
900002265
900002266
900002267
900002268
900002269
900002270
900002271
900002272
900002273
900002274
900002275
900002276
900002277
900002278
900002279
900002280
900002281
900002282
900002283
900002284
900002285
900002286
900002287
900002288
900002289
900002290
900002291
900002292
900002293
900002294
900002295
900002296
900002297
900002298
900002299
900002300
900002301
900002302
900002303
900002304
900002305
900002306
900002307
900002308
900002309
900002310
900002311
900002312
900002313
900002314
900002315
900002316
900002317
900002318
900002319
900002320
900002321
900002322
900002323
900002324
900002325
900002326
900002327
900002328
900002329
900002330
900002331
900002332
900002333
900002334
900002335
900002336
900002337
900002338
900002339
900002340
900002341
900002342
900002343
900002344
900002345
900002346
900002347
900002348
900002349
900002350
900002351
900002352
900002353
900002354
900002355
900002356
900002357
900002358
900002359
900002360
900002361
900002362
900002363
900002364
900002365
900002366
900002367
900002368
900002369
900002370
900002371
900002372
900002373
900002374
900002375
900002376
900002377
900002378
900002379
900002380
900002381
900002382
900002383
900002384
900002385
900002386
900002387
900002388
900002389
900002390
900002391
900002392
900002393
900002394
900002395
900002396
900002397
900002398
900002399
900002400
900002401
900002402
900002403
900002404
900002405
900002406
900002407
900002408
900002409
900002410
900002411
900002412
900002413
900002414
900002415
900002416
900002417
900002418
900002419
900002420
900002421
900002422
900002423
900002424
900002425
900002426
900002427
900002428
900002429
900002430
900002431
900002432
900002433
900002434
900002435
900002436
900002437
900002438
900002439
900002440
900002441
900002442
900002443
900002444
900002445
900002446
900002447
900002448
900002449
900002450
900002451
900002452
900002453
900002454
900002455
900002456
900002457
900002458
900002459
900002460
900002461
900002462
900002463
900002464
900002465
900002466
900002467
900002468
900002469
900002470
900002471
900002472
900002473
900002474
900002475
900002476
900002477
900002478
900002479
900002480
900002481
900002482
900002483
900002484
900002485
900002486
900002487
900002488
900002489
900002490
900002491
900002492
900002493
900002494
900002495
900002496
900002497
900002498
900002499
900002500
900002501
900002502
900002503
900002504
900002505
900002506
900002507
900002508
900002509
900002510
900002511
900002512
900002513
900002514
900002515
900002516
900002517
900002518
900002519
900002520
900002521
900002522
900002523
900002524
900002525
900002526
900002527
900002528
900002529
900002530
900002531
900002532
900002533
900002534
900002535
900002536
900002537
900002538
900002539
900002540
900002541
900002542
900002543
900002544
900002545
900002546
900002547
900002548
900002549
900002550
900002551
900002552
900002553
900002554
900002555
900002556
900002557
900002558
900002559
900002560
900002561
900002562
900002563
900002564
900002565
900002566
900002567
900002568
900002569
900002570
900002571
900002572
900002573
900002574
900002575
900002576
900002577
900002578
900002579
900002580
900002581
900002582
900002583
900002584
900002585
900002586
900002587
900002588
900002589
900002590
900002591
900002592
900002593
900002594
900002595
900002596
900002597
900002598
900002599
900002600
900002601
900002602
900002603
900002604
900002605
900002606
900002607
900002608
900002609
900002610
900002611
900002612
900002613
900002614
900002615
900002616
900002617
900002618
900002619
900002620
900002621
900002622
900002623
900002624
900002625
900002626
900002627
900002628
900002629
900002630
900002631
900002632
900002633
900002634
900002635
900002636
900002637
900002638
900002639
900002640
900002641
900002642
900002643
900002644
900002645
900002646
900002647
900002648
900002649
900002650
900002651
900002652
900002653
900002654
900002655
900002656
900002657
900002658
900002659
900002660
900002661
900002662
900002663
900002664
900002665
900002666
900002667
900002668
900002669
900002670
900002671
900002672
900002673
900002674
900002675
900002676
900002677
900002678
900002679
900002680
900002681
900002682
900002683
900002684
900002685
900002686
900002687
900002688
900002689
900002690
900002691
900002692
900002693
900002694
900002695
900002696
900002697
900002698
900002699
900002700
900002701
900002702
900002703
900002704
900002705
900002706
900002707
900002708
900002709
900002710
900002711
900002712
900002713
900002714
900002715
900002716
900002717
900002718
900002719
900002720
900002721
900002722
900002723
900002724
900002725
900002726
900002727
900002728
900002729
900002730
900002731
900002732
900002733
900002734
900002735
900002736
900002737
900002738
900002739
900002740
900002741
900002742
900002743
900002744
900002745
900002746
900002747
900002748
900002749
900002750
900002751
900002752
900002753
900002754
900002755
900002756
900002757
900002758
900002759
900002760
900002761
900002762
900002763
900002764
900002765
900002766
900002767
